start_time,role,duration_ms,operation,resource,is_error
0.002530395,Regular,29,Create,Deployment,false
0.002580991,Regular,52,Create,Deployment,false
0.002286406,Regular,52,Create,Deployment,false
0.002332793,Regular,53,Create,Deployment,false
0.002528091,Regular,49,Create,Deployment,false
0.051622301,Regular,15,Create,ConfigMap,false
0.002230921,Regular,52,Create,Deployment,false
0.055788135,Regular,14,Create,ConfigMap,false
0.070736104,Regular,14,Update,Deployment,false
0.084977502,Regular,11,Delete,ConfigMap,false
0.096801348,Regular,6,Delete,Deployment,false
0.103203774,Regular,11,Create,Deployment,false
0.121696829,Regular,7,Create,ConfigMap,false
0.14223837,Regular,10,Update,Deployment,false
0.162078391,Regular,4,Delete,ConfigMap,false
0.18247508,Regular,4,Delete,Deployment,false
0.202500781,Regular,12,Create,Deployment,false
0.223121923,Regular,11,Create,ConfigMap,false
0.243401281,Regular,10,Update,Deployment,false
0.261819054,Regular,5,Delete,ConfigMap,false
0.28164041,Regular,4,Delete,Deployment,false
0.302124544,Regular,7,Create,Deployment,false
0.322824664,Regular,8,Create,ConfigMap,false
0.342552955,Regular,8,Update,Deployment,false
0.362554279,Regular,4,Delete,ConfigMap,false
0.381963429,Regular,5,Delete,Deployment,false
0.402153739,Regular,7,Create,Deployment,false
0.421757405,Regular,6,Create,ConfigMap,false
0.442196755,Regular,9,Update,Deployment,false
0.462561373,Regular,10,Delete,ConfigMap,false
0.481737454,Regular,6,Delete,Deployment,false
0.50253626,Regular,8,Create,Deployment,false
0.522335555,Regular,10,Create,ConfigMap,false
0.542573515,Regular,15,Update,Deployment,false
0.562395903,Regular,10,Delete,ConfigMap,false
0.582079899,Regular,10,Delete,Deployment,false
0.602368515,Regular,12,Create,Deployment,false
0.622542706,Regular,9,Create,ConfigMap,false
0.642565781,Regular,8,Update,Deployment,false
0.662488337,Regular,5,Delete,ConfigMap,false
0.682329009,Regular,5,Delete,Deployment,false
0.701969174,Regular,8,Create,Deployment,false
0.722442758,Regular,9,Create,ConfigMap,false
0.741848812,Regular,9,Update,Deployment,false
0.761765417,Regular,5,Delete,ConfigMap,false
0.782232178,Regular,7,Delete,Deployment,false
0.801969335,Regular,7,Create,Deployment,false
0.82158294,Regular,8,Create,ConfigMap,false
0.842003834,Regular,9,Update,Deployment,false
0.862193884,Regular,7,Delete,ConfigMap,false
0.882486768,Regular,5,Delete,Deployment,false
0.903040373,Regular,11,Create,Deployment,false
0.921858559,Regular,7,Create,ConfigMap,false
0.942177953,Regular,8,Update,Deployment,false
0.961701909,Regular,6,Delete,ConfigMap,false
0.981941041,Regular,6,Delete,Deployment,false
0.031640082,Regular,39,Create,ConfigMap,false
0.07089314,Regular,12,Update,Deployment,false
0.083524817,Regular,8,Delete,ConfigMap,false
0.092344775,Regular,11,Delete,Deployment,false
0.103369827,Regular,9,Create,Deployment,false
0.121586851,Regular,5,Create,ConfigMap,false
0.142097746,Regular,9,Update,Deployment,false
0.162155777,Regular,5,Delete,ConfigMap,false
0.182327202,Regular,5,Delete,Deployment,false
0.202479611,Regular,12,Create,Deployment,false
0.221917835,Regular,13,Create,ConfigMap,false
0.243872639,Regular,9,Update,Deployment,false
0.261858668,Regular,5,Delete,ConfigMap,false
0.281580056,Regular,4,Delete,Deployment,false
0.302081182,Regular,7,Create,Deployment,false
0.322720337,Regular,7,Create,ConfigMap,false
0.342399997,Regular,8,Update,Deployment,false
0.362428472,Regular,5,Delete,ConfigMap,false
0.381823796,Regular,5,Delete,Deployment,false
0.402218701,Regular,7,Create,Deployment,false
0.421901276,Regular,6,Create,ConfigMap,false
0.441994043,Regular,9,Update,Deployment,false
0.463074229,Regular,8,Delete,ConfigMap,false
0.482329459,Regular,7,Delete,Deployment,false
0.502917037,Regular,8,Create,Deployment,false
0.522587689,Regular,10,Create,ConfigMap,false
0.542930417,Regular,15,Update,Deployment,false
0.563081353,Regular,9,Delete,ConfigMap,false
0.582338116,Regular,9,Delete,Deployment,false
0.602175081,Regular,7,Create,Deployment,false
0.622455972,Regular,9,Create,ConfigMap,false
0.642621456,Regular,9,Update,Deployment,false
0.662271459,Regular,5,Delete,ConfigMap,false
0.682411435,Regular,5,Delete,Deployment,false
0.701944017,Regular,7,Create,Deployment,false
0.721951703,Regular,10,Create,ConfigMap,false
0.742149508,Regular,8,Update,Deployment,false
0.761821823,Regular,5,Delete,ConfigMap,false
0.782261643,Regular,4,Delete,Deployment,false
0.801812129,Regular,7,Create,Deployment,false
0.821492469,Regular,7,Create,ConfigMap,false
0.842148978,Regular,8,Update,Deployment,false
0.862703744,Regular,6,Delete,ConfigMap,false
0.882298073,Regular,5,Delete,Deployment,false
0.902445492,Regular,11,Create,Deployment,false
0.921690343,Regular,11,Create,ConfigMap,false
0.94248465,Regular,10,Update,Deployment,false
0.962035767,Regular,6,Delete,ConfigMap,false
0.981964225,Regular,5,Delete,Deployment,false
0.055548224,Regular,14,Create,ConfigMap,false
0.07027219,Regular,13,Update,Deployment,false
0.083598145,Regular,12,Delete,ConfigMap,false
0.096119714,Regular,6,Delete,Deployment,false
0.103107483,Regular,9,Create,Deployment,false
0.121544952,Regular,7,Create,ConfigMap,false
0.142251275,Regular,9,Update,Deployment,false
0.162181626,Regular,4,Delete,ConfigMap,false
0.182455754,Regular,5,Delete,Deployment,false
0.202457039,Regular,13,Create,Deployment,false
0.222778727,Regular,13,Create,ConfigMap,false
0.244023844,Regular,10,Update,Deployment,false
0.26189134,Regular,5,Delete,ConfigMap,false
0.281476411,Regular,5,Delete,Deployment,false
0.302111569,Regular,6,Create,Deployment,false
0.322129886,Regular,8,Create,ConfigMap,false
0.342472213,Regular,8,Update,Deployment,false
0.362554469,Regular,5,Delete,ConfigMap,false
0.381991732,Regular,6,Delete,Deployment,false
0.402203503,Regular,7,Create,Deployment,false
0.421791259,Regular,6,Create,ConfigMap,false
0.442068553,Regular,10,Update,Deployment,false
0.463163227,Regular,9,Delete,ConfigMap,false
0.481937931,Regular,8,Delete,Deployment,false
0.502928599,Regular,8,Create,Deployment,false
0.52229088,Regular,10,Create,ConfigMap,false
0.542196304,Regular,22,Update,Deployment,false
0.564387362,Regular,7,Delete,ConfigMap,false
0.581976394,Regular,10,Delete,Deployment,false
0.602258819,Regular,11,Create,Deployment,false
0.622611515,Regular,9,Create,ConfigMap,false
0.642848593,Regular,8,Update,Deployment,false
0.662302057,Regular,5,Delete,ConfigMap,false
0.682213662,Regular,5,Delete,Deployment,false
0.702051269,Regular,7,Create,Deployment,false
0.722071699,Regular,9,Create,ConfigMap,false
0.742064598,Regular,6,Update,Deployment,false
0.76171434,Regular,4,Delete,ConfigMap,false
0.78247774,Regular,7,Delete,Deployment,false
0.801888343,Regular,7,Create,Deployment,false
0.821655496,Regular,7,Create,ConfigMap,false
0.842163986,Regular,8,Update,Deployment,false
0.862105247,Regular,9,Delete,ConfigMap,false
0.882379436,Regular,6,Delete,Deployment,false
0.90307615,Regular,11,Create,Deployment,false
0.921753221,Regular,10,Create,ConfigMap,false
0.942235591,Regular,11,Update,Deployment,false
0.961886947,Regular,6,Delete,ConfigMap,false
0.981857043,Regular,6,Delete,Deployment,false
0.002314178,Regular,66,Create,Deployment,false
0.068578882,Regular,12,Create,ConfigMap,false
0.080853486,Regular,11,Update,Deployment,false
0.091961704,Regular,11,Delete,ConfigMap,false
0.103382461,Regular,11,Delete,Deployment,false
0.114435004,Regular,6,Create,Deployment,false
0.121520296,Regular,7,Create,ConfigMap,false
0.142051699,Regular,10,Update,Deployment,false
0.1621517,Regular,4,Delete,ConfigMap,false
0.182434033,Regular,5,Delete,Deployment,false
0.202429487,Regular,15,Create,Deployment,false
0.222950801,Regular,11,Create,ConfigMap,false
0.242912661,Regular,10,Update,Deployment,false
0.261931726,Regular,5,Delete,ConfigMap,false
0.281514493,Regular,4,Delete,Deployment,false
0.302111579,Regular,7,Create,Deployment,false
0.322522445,Regular,8,Create,ConfigMap,false
0.342581899,Regular,8,Update,Deployment,false
0.362565791,Regular,4,Delete,ConfigMap,false
0.38184733,Regular,5,Delete,Deployment,false
0.402259077,Regular,7,Create,Deployment,false
0.421900985,Regular,6,Create,ConfigMap,false
0.442145348,Regular,9,Update,Deployment,false
0.462999128,Regular,9,Delete,ConfigMap,false
0.482168135,Regular,7,Delete,Deployment,false
0.502747418,Regular,8,Create,Deployment,false
0.522396189,Regular,10,Create,ConfigMap,false
0.542487012,Regular,16,Update,Deployment,false
0.562843956,Regular,9,Delete,ConfigMap,false
0.581937822,Regular,10,Delete,Deployment,false
0.602621151,Regular,12,Create,Deployment,false
0.622559928,Regular,9,Create,ConfigMap,false
0.642391803,Regular,9,Update,Deployment,false
0.662439826,Regular,5,Delete,ConfigMap,false
0.682398059,Regular,5,Delete,Deployment,false
0.701901727,Regular,8,Create,Deployment,false
0.721780801,Regular,10,Create,ConfigMap,false
0.742124551,Regular,8,Update,Deployment,false
0.761661481,Regular,6,Delete,ConfigMap,false
0.782539797,Regular,6,Delete,Deployment,false
0.801993651,Regular,7,Create,Deployment,false
0.821769731,Regular,7,Create,ConfigMap,false
0.842136815,Regular,10,Update,Deployment,false
0.862432063,Regular,5,Delete,ConfigMap,false
0.88245596,Regular,5,Delete,Deployment,false
0.90310283,Regular,9,Create,Deployment,false
0.921678781,Regular,11,Create,ConfigMap,false
0.942280025,Regular,11,Update,Deployment,false
0.961953362,Regular,5,Delete,ConfigMap,false
0.981940761,Regular,5,Delete,Deployment,false
0.055261905,Regular,14,Create,ConfigMap,false
0.069876215,Regular,11,Update,Deployment,false
0.081207132,Regular,8,Delete,ConfigMap,false
0.089778743,Regular,8,Delete,Deployment,false
0.10227776,Regular,15,Create,Deployment,false
0.121635804,Regular,7,Create,ConfigMap,false
0.142163289,Regular,9,Update,Deployment,false
0.162157901,Regular,4,Delete,ConfigMap,false
0.182388327,Regular,4,Delete,Deployment,false
0.20246301,Regular,12,Create,Deployment,false
0.222234361,Regular,13,Create,ConfigMap,false
0.242230927,Regular,11,Update,Deployment,false
0.261971301,Regular,3,Delete,ConfigMap,false
0.281552835,Regular,3,Delete,Deployment,false
0.302079569,Regular,7,Create,Deployment,false
0.321492726,Regular,9,Create,ConfigMap,false
0.34247088,Regular,8,Update,Deployment,false
0.362648777,Regular,4,Delete,ConfigMap,false
0.381894739,Regular,7,Delete,Deployment,false
0.401978709,Regular,7,Create,Deployment,false
0.421880056,Regular,6,Create,ConfigMap,false
0.44214628,Regular,8,Update,Deployment,false
0.463059341,Regular,12,Delete,ConfigMap,false
0.481670448,Regular,8,Delete,Deployment,false
0.503039909,Regular,8,Create,Deployment,false
0.522457785,Regular,10,Create,ConfigMap,false
0.542711755,Regular,21,Update,Deployment,false
0.564639738,Regular,8,Delete,ConfigMap,false
0.582335,Regular,9,Delete,Deployment,false
0.602444709,Regular,8,Create,Deployment,false
0.622534009,Regular,9,Create,ConfigMap,false
0.642567925,Regular,9,Update,Deployment,false
0.66243123,Regular,5,Delete,ConfigMap,false
0.682247536,Regular,5,Delete,Deployment,false
0.7019883,Regular,7,Create,Deployment,false
0.721894325,Regular,10,Create,ConfigMap,false
0.741745627,Regular,9,Update,Deployment,false
0.761661431,Regular,5,Delete,ConfigMap,false
0.782303011,Regular,6,Delete,Deployment,false
0.801831415,Regular,7,Create,Deployment,false
0.821734635,Regular,7,Create,ConfigMap,false
0.842138378,Regular,9,Update,Deployment,false
0.862789346,Regular,8,Delete,ConfigMap,false
0.882281582,Regular,4,Delete,Deployment,false
0.903132827,Regular,10,Create,Deployment,false
0.921660837,Regular,9,Create,ConfigMap,false
0.942286167,Regular,11,Update,Deployment,false
0.961866348,Regular,6,Delete,ConfigMap,false
0.981964105,Regular,6,Delete,Deployment,false
0.055148771,Regular,14,Create,ConfigMap,false
0.069913495,Regular,11,Update,Deployment,false
0.081260803,Regular,10,Delete,ConfigMap,false
0.091475428,Regular,6,Delete,Deployment,false
0.102312015,Regular,10,Create,Deployment,false
0.121690056,Regular,7,Create,ConfigMap,false
0.142202804,Regular,8,Update,Deployment,false
0.162131371,Regular,5,Delete,ConfigMap,false
0.182472425,Regular,4,Delete,Deployment,false
0.202397346,Regular,14,Create,Deployment,false
0.223106304,Regular,13,Create,ConfigMap,false
0.243254575,Regular,11,Update,Deployment,false
0.261793365,Regular,5,Delete,ConfigMap,false
0.281607197,Regular,4,Delete,Deployment,false
0.301935578,Regular,7,Create,Deployment,false
0.322314413,Regular,6,Create,ConfigMap,false
0.342476711,Regular,8,Update,Deployment,false
0.362551253,Regular,4,Delete,ConfigMap,false
0.381948611,Regular,5,Delete,Deployment,false
0.402099066,Regular,6,Create,Deployment,false
0.421958654,Regular,6,Create,ConfigMap,false
0.442196304,Regular,9,Update,Deployment,false
0.462493736,Regular,12,Delete,ConfigMap,false
0.481837001,Regular,7,Delete,Deployment,false
0.502660244,Regular,8,Create,Deployment,false
0.5224606,Regular,10,Create,ConfigMap,false
0.542279671,Regular,16,Update,Deployment,false
0.562109934,Regular,7,Delete,ConfigMap,false
0.582336783,Regular,9,Delete,Deployment,false
0.602370258,Regular,11,Create,Deployment,false
0.622537245,Regular,9,Create,ConfigMap,false
0.64256506,Regular,8,Update,Deployment,false
0.662411523,Regular,5,Delete,ConfigMap,false
0.682209645,Regular,5,Delete,Deployment,false
0.702006785,Regular,6,Create,Deployment,false
0.722264843,Regular,10,Create,ConfigMap,false
0.741916409,Regular,9,Update,Deployment,false
0.761582622,Regular,5,Delete,ConfigMap,false
0.782231647,Regular,7,Delete,Deployment,false
0.801864468,Regular,6,Create,Deployment,false
0.82153522,Regular,8,Create,ConfigMap,false
0.842139179,Regular,10,Update,Deployment,false
0.862041026,Regular,7,Delete,ConfigMap,false
0.882396598,Regular,5,Delete,Deployment,false
0.902644688,Regular,9,Create,Deployment,false
0.921948739,Regular,10,Create,ConfigMap,false
0.942260258,Regular,11,Update,Deployment,false
0.961682302,Regular,5,Delete,ConfigMap,false
0.981985926,Regular,5,Delete,Deployment,false
0.002565301,Regular,16,Create,Deployment,false
0.021622839,Regular,49,Create,ConfigMap,false
0.070637458,Regular,13,Update,Deployment,false
0.084017575,Regular,12,Delete,ConfigMap,false
0.096074659,Regular,7,Delete,Deployment,false
0.103559774,Regular,14,Create,Deployment,false
0.121535284,Regular,6,Create,ConfigMap,false
0.142200229,Regular,10,Update,Deployment,false
0.162127825,Regular,4,Delete,ConfigMap,false
0.182495128,Regular,4,Delete,Deployment,false
0.202477257,Regular,12,Create,Deployment,false
0.222601844,Regular,12,Create,ConfigMap,false
0.242771475,Regular,11,Update,Deployment,false
0.261836827,Regular,5,Delete,ConfigMap,false
0.281576489,Regular,5,Delete,Deployment,false
0.301949384,Regular,7,Create,Deployment,false
0.322034576,Regular,8,Create,ConfigMap,false
0.342488403,Regular,8,Update,Deployment,false
0.362481562,Regular,5,Delete,ConfigMap,false
0.38199578,Regular,5,Delete,Deployment,false
0.402027311,Regular,6,Create,Deployment,false
0.421862383,Regular,6,Create,ConfigMap,false
0.442190874,Regular,9,Update,Deployment,false
0.462491953,Regular,8,Delete,ConfigMap,false
0.482167404,Regular,10,Delete,Deployment,false
0.502515912,Regular,8,Create,Deployment,false
0.522275682,Regular,10,Create,ConfigMap,false
0.542761739,Regular,21,Update,Deployment,false
0.563794676,Regular,8,Delete,ConfigMap,false
0.582154189,Regular,10,Delete,Deployment,false
0.602628204,Regular,11,Create,Deployment,false
0.622535141,Regular,9,Create,ConfigMap,false
0.642440375,Regular,9,Update,Deployment,false
0.662391174,Regular,5,Delete,ConfigMap,false
0.682301698,Regular,5,Delete,Deployment,false
0.702051219,Regular,8,Create,Deployment,false
0.722235127,Regular,6,Create,ConfigMap,false
0.741833353,Regular,9,Update,Deployment,false
0.761590557,Regular,6,Delete,ConfigMap,false
0.782069682,Regular,7,Delete,Deployment,false
0.802040148,Regular,7,Create,Deployment,false
0.821637683,Regular,8,Create,ConfigMap,false
0.842051704,Regular,10,Update,Deployment,false
0.862247706,Regular,7,Delete,ConfigMap,false
0.882221078,Regular,5,Delete,Deployment,false
0.902959661,Regular,9,Create,Deployment,false
0.922027918,Regular,10,Create,ConfigMap,false
0.942263193,Regular,10,Update,Deployment,false
0.962027873,Regular,6,Delete,ConfigMap,false
0.981939027,Regular,6,Delete,Deployment,false
0.002205413,Regular,63,Create,Deployment,false
0.065841337,Regular,11,Create,ConfigMap,false
0.077735515,Regular,12,Update,Deployment,false
0.090689088,Regular,5,Delete,ConfigMap,false
0.096369454,Regular,8,Delete,Deployment,false
0.104386081,Regular,8,Create,Deployment,false
0.121578085,Regular,7,Create,ConfigMap,false
0.14214763,Regular,10,Update,Deployment,false
0.161989173,Regular,5,Delete,ConfigMap,false
0.18240047,Regular,4,Delete,Deployment,false
0.202479621,Regular,15,Create,Deployment,false
0.222406215,Regular,13,Create,ConfigMap,false
0.244194044,Regular,10,Update,Deployment,false
0.261926546,Regular,5,Delete,ConfigMap,false
0.281440724,Regular,5,Delete,Deployment,false
0.302093054,Regular,7,Create,Deployment,false
0.322572639,Regular,7,Create,ConfigMap,false
0.342394596,Regular,8,Update,Deployment,false
0.3625655,Regular,5,Delete,ConfigMap,false
0.38191113,Regular,5,Delete,Deployment,false
0.402219353,Regular,7,Create,Deployment,false
0.421752005,Regular,5,Create,ConfigMap,false
0.442086186,Regular,9,Update,Deployment,false
0.462305471,Regular,8,Delete,ConfigMap,false
0.482170069,Regular,7,Delete,Deployment,false
0.502722761,Regular,7,Create,Deployment,false
0.522319414,Regular,10,Create,ConfigMap,false
0.54210373,Regular,21,Update,Deployment,false
0.563443275,Regular,9,Delete,ConfigMap,false
0.582140133,Regular,6,Delete,Deployment,false
0.602619257,Regular,13,Create,Deployment,false
0.622590375,Regular,9,Create,ConfigMap,false
0.642626646,Regular,9,Update,Deployment,false
0.662796848,Regular,5,Delete,ConfigMap,false
0.682410082,Regular,5,Delete,Deployment,false
0.702040839,Regular,8,Create,Deployment,false
0.721721409,Regular,10,Create,ConfigMap,false
0.742068125,Regular,8,Update,Deployment,false
0.761864082,Regular,5,Delete,ConfigMap,false
0.782348727,Regular,6,Delete,Deployment,false
0.801922968,Regular,7,Create,Deployment,false
0.821706953,Regular,7,Create,ConfigMap,false
0.841998224,Regular,10,Update,Deployment,false
0.862755883,Regular,6,Delete,ConfigMap,false
0.882247137,Regular,5,Delete,Deployment,false
0.903139179,Regular,6,Create,Deployment,false
0.921567041,Regular,11,Create,ConfigMap,false
0.942055061,Regular,9,Update,Deployment,false
0.961964353,Regular,6,Delete,ConfigMap,false
0.981936813,Regular,6,Delete,Deployment,false
1.001671225,Regular,6,Create,Deployment,false
0.067525017,Regular,13,Update,Deployment,false
0.081100181,Regular,8,Delete,ConfigMap,false
0.089778162,Regular,8,Delete,Deployment,false
0.102509206,Regular,10,Create,Deployment,false
0.121696999,Regular,7,Create,ConfigMap,false
0.14208965,Regular,10,Update,Deployment,false
0.162158282,Regular,3,Delete,ConfigMap,false
0.18247485,Regular,4,Delete,Deployment,false
0.202275667,Regular,13,Create,Deployment,false
0.223292234,Regular,11,Create,ConfigMap,false
0.242615962,Regular,11,Update,Deployment,false
0.261761245,Regular,5,Delete,ConfigMap,false
0.28153986,Regular,4,Delete,Deployment,false
0.301916442,Regular,7,Create,Deployment,false
0.32178702,Regular,9,Create,ConfigMap,false
0.342434471,Regular,8,Update,Deployment,false
0.362523962,Regular,4,Delete,ConfigMap,false
0.381994287,Regular,3,Delete,Deployment,false
0.40217004,Regular,7,Create,Deployment,false
0.421799544,Regular,5,Create,ConfigMap,false
0.44205607,Regular,10,Update,Deployment,false
0.462754296,Regular,7,Delete,ConfigMap,false
0.481895431,Regular,7,Delete,Deployment,false
0.502467861,Regular,8,Create,Deployment,false
0.522357125,Regular,10,Create,ConfigMap,false
0.542287947,Regular,21,Update,Deployment,false
0.564228503,Regular,8,Delete,ConfigMap,false
0.581920058,Regular,10,Delete,Deployment,false
0.60237106,Regular,7,Create,Deployment,false
0.622372134,Regular,8,Create,ConfigMap,false
0.642473497,Regular,8,Update,Deployment,false
0.662322736,Regular,5,Delete,ConfigMap,false
0.682273665,Regular,5,Delete,Deployment,false
0.701885837,Regular,8,Create,Deployment,false
0.721912469,Regular,10,Create,ConfigMap,false
0.741880471,Regular,9,Update,Deployment,false
0.761482374,Regular,6,Delete,ConfigMap,false
0.78247245,Regular,7,Delete,Deployment,false
0.801785329,Regular,7,Create,Deployment,false
0.821679491,Regular,6,Create,ConfigMap,false
0.842174806,Regular,7,Update,Deployment,false
0.862053139,Regular,7,Delete,ConfigMap,false
0.882485766,Regular,5,Delete,Deployment,false
0.902746539,Regular,10,Create,Deployment,false
0.921501597,Regular,10,Create,ConfigMap,false
0.942317345,Regular,11,Update,Deployment,false
0.961664228,Regular,7,Delete,ConfigMap,false
0.981788193,Regular,5,Delete,Deployment,false
1.001651528,Regular,7,Create,Deployment,false
0.002537298,Regular,16,Create,Deployment,false
0.021590247,Regular,31,Create,ConfigMap,false
0.052626291,Regular,17,Update,Deployment,false
0.070488337,Regular,9,Delete,ConfigMap,false
0.082296864,Regular,13,Delete,Deployment,false
0.102780237,Regular,14,Create,Deployment,false
0.12155941,Regular,7,Create,ConfigMap,false
0.142145816,Regular,9,Update,Deployment,false
0.162185643,Regular,4,Delete,ConfigMap,false
0.182369762,Regular,4,Delete,Deployment,false
0.202312747,Regular,11,Create,Deployment,false
0.223520163,Regular,11,Create,ConfigMap,false
0.243222835,Regular,11,Update,Deployment,false
0.261778497,Regular,5,Delete,ConfigMap,false
0.281524882,Regular,5,Delete,Deployment,false
0.302016129,Regular,7,Create,Deployment,false
0.322927137,Regular,8,Create,ConfigMap,false
0.342600424,Regular,8,Update,Deployment,false
0.362465011,Regular,4,Delete,ConfigMap,false
0.381888648,Regular,5,Delete,Deployment,false
0.402291839,Regular,7,Create,Deployment,false
0.421772664,Regular,6,Create,ConfigMap,false
0.442030602,Regular,9,Update,Deployment,false
0.462980172,Regular,9,Delete,ConfigMap,false
0.481839025,Regular,8,Delete,Deployment,false
0.503060267,Regular,8,Create,Deployment,false
0.52246055,Regular,10,Create,ConfigMap,false
0.542486801,Regular,18,Update,Deployment,false
0.563000711,Regular,9,Delete,ConfigMap,false
0.582105307,Regular,7,Delete,Deployment,false
0.602240965,Regular,7,Create,Deployment,false
0.622535472,Regular,9,Create,ConfigMap,false
0.642916531,Regular,9,Update,Deployment,false
0.662356419,Regular,5,Delete,ConfigMap,false
0.682263396,Regular,6,Delete,Deployment,false
0.701961279,Regular,8,Create,Deployment,false
0.721749583,Regular,10,Create,ConfigMap,false
0.741986792,Regular,9,Update,Deployment,false
0.761610315,Regular,5,Delete,ConfigMap,false
0.782470116,Regular,6,Delete,Deployment,false
0.801969876,Regular,7,Create,Deployment,false
0.821521314,Regular,8,Create,ConfigMap,false
0.842137226,Regular,10,Update,Deployment,false
0.862041547,Regular,6,Delete,ConfigMap,false
0.882315786,Regular,5,Delete,Deployment,false
0.902630671,Regular,11,Create,Deployment,false
0.921657481,Regular,9,Create,ConfigMap,false
0.942525718,Regular,11,Update,Deployment,false
0.961882138,Regular,6,Delete,ConfigMap,false
0.98187663,Regular,6,Delete,Deployment,false
1.001711591,Regular,7,Create,Deployment,false
1.001612304,Regular,6,Create,Deployment,false
1.022315581,Regular,10,Create,ConfigMap,false
1.042190838,Regular,8,Update,Deployment,false
1.061766742,Regular,6,Delete,ConfigMap,false
1.081662127,Regular,7,Delete,Deployment,false
1.102479909,Regular,9,Create,Deployment,false
1.122492926,Regular,8,Create,ConfigMap,false
1.14156474,Regular,9,Update,Deployment,false
1.1625955430000001,Regular,6,Delete,ConfigMap,false
1.182117866,Regular,5,Delete,Deployment,false
1.201881523,Regular,7,Create,Deployment,false
1.222047067,Regular,12,Create,ConfigMap,false
1.242236215,Regular,9,Update,Deployment,false
1.261652328,Regular,5,Delete,ConfigMap,false
1.281997811,Regular,5,Delete,Deployment,false
1.3017077160000001,Regular,6,Create,Deployment,false
1.322024255,Regular,7,Create,ConfigMap,false
1.341884003,Regular,7,Update,Deployment,false
1.362440943,Regular,5,Delete,ConfigMap,false
1.381788968,Regular,5,Delete,Deployment,false
1.4017404390000001,Regular,6,Create,Deployment,false
1.421825972,Regular,6,Create,ConfigMap,false
1.441753487,Regular,8,Update,Deployment,false
1.461681805,Regular,5,Delete,ConfigMap,false
1.482507241,Regular,6,Delete,Deployment,false
1.5016648369999999,Regular,7,Create,Deployment,false
1.5223332680000001,Regular,7,Create,ConfigMap,false
1.542458055,Regular,10,Update,Deployment,false
1.562552605,Regular,4,Delete,ConfigMap,false
1.5821365539999999,Regular,5,Delete,Deployment,false
1.6019907519999999,Regular,9,Create,Deployment,false
1.621973651,Regular,7,Create,ConfigMap,false
1.642017777,Regular,9,Update,Deployment,false
1.6618377199999999,Regular,5,Delete,ConfigMap,false
1.68245248,Regular,4,Delete,Deployment,false
1.7019822759999998,Regular,8,Create,Deployment,false
1.722075464,Regular,5,Create,ConfigMap,false
1.7424040349999999,Regular,10,Update,Deployment,false
1.7615711790000002,Regular,6,Delete,ConfigMap,false
1.782158707,Regular,4,Delete,Deployment,false
1.80240326,Regular,8,Create,Deployment,false
1.8223312470000002,Regular,7,Create,ConfigMap,false
1.8420653580000002,Regular,9,Update,Deployment,false
1.8624874949999999,Regular,5,Delete,ConfigMap,false
1.882688366,Regular,6,Delete,Deployment,false
1.90199387,Regular,11,Create,Deployment,false
1.922528769,Regular,9,Create,ConfigMap,false
1.9420343899999999,Regular,10,Update,Deployment,false
1.962068948,Regular,7,Delete,ConfigMap,false
1.9823152240000002,Regular,13,Delete,Deployment,false
1.001627673,Regular,5,Create,Deployment,false
1.022539483,Regular,10,Create,ConfigMap,false
1.042211086,Regular,9,Update,Deployment,false
1.061801708,Regular,6,Delete,ConfigMap,false
1.081758969,Regular,7,Delete,Deployment,false
1.102209961,Regular,9,Create,Deployment,false
1.122409689,Regular,9,Create,ConfigMap,false
1.141918536,Regular,9,Update,Deployment,false
1.162417718,Regular,7,Delete,ConfigMap,false
1.182403794,Regular,7,Delete,Deployment,false
1.201744004,Regular,7,Create,Deployment,false
1.221994247,Regular,11,Create,ConfigMap,false
1.242048482,Regular,9,Update,Deployment,false
1.261769859,Regular,4,Delete,ConfigMap,false
1.281876973,Regular,4,Delete,Deployment,false
1.301835257,Regular,7,Create,Deployment,false
1.322083015,Regular,4,Create,ConfigMap,false
1.342048733,Regular,7,Update,Deployment,false
1.3627128050000001,Regular,6,Delete,ConfigMap,false
1.381947957,Regular,5,Delete,Deployment,false
1.401598832,Regular,6,Create,Deployment,false
1.42193091,Regular,6,Create,ConfigMap,false
1.44173906,Regular,8,Update,Deployment,false
1.461767486,Regular,5,Delete,ConfigMap,false
1.482377407,Regular,5,Delete,Deployment,false
1.501847772,Regular,5,Create,Deployment,false
1.522477299,Regular,7,Create,ConfigMap,false
1.5424502900000001,Regular,10,Update,Deployment,false
1.562621195,Regular,5,Delete,ConfigMap,false
1.5822292679999999,Regular,6,Delete,Deployment,false
1.601921081,Regular,9,Create,Deployment,false
1.6220238359999999,Regular,7,Create,ConfigMap,false
1.6421583320000002,Regular,9,Update,Deployment,false
1.661719938,Regular,5,Delete,ConfigMap,false
1.682480162,Regular,7,Delete,Deployment,false
1.7021279809999998,Regular,8,Create,Deployment,false
1.722140657,Regular,5,Create,ConfigMap,false
1.742256858,Regular,7,Update,Deployment,false
1.761623277,Regular,5,Delete,ConfigMap,false
1.782093124,Regular,5,Delete,Deployment,false
1.802742268,Regular,6,Create,Deployment,false
1.822206752,Regular,7,Create,ConfigMap,false
1.842085406,Regular,11,Update,Deployment,false
1.862400271,Regular,5,Delete,ConfigMap,false
1.882580302,Regular,6,Delete,Deployment,false
1.902191883,Regular,11,Create,Deployment,false
1.922202054,Regular,9,Create,ConfigMap,false
1.942309869,Regular,11,Update,Deployment,false
1.962483789,Regular,7,Delete,ConfigMap,false
1.9823615110000001,Regular,14,Delete,Deployment,false
1.001616853,Regular,7,Create,Deployment,false
1.022899631,Regular,9,Create,ConfigMap,false
1.042186119,Regular,9,Update,Deployment,false
1.061894683,Regular,6,Delete,ConfigMap,false
1.081809514,Regular,3,Delete,Deployment,false
1.102101516,Regular,9,Create,Deployment,false
1.122541708,Regular,8,Create,ConfigMap,false
1.1419204299999999,Regular,7,Update,Deployment,false
1.162188517,Regular,5,Delete,ConfigMap,false
1.182244043,Regular,5,Delete,Deployment,false
1.201882865,Regular,7,Create,Deployment,false
1.222042708,Regular,12,Create,ConfigMap,false
1.242306297,Regular,8,Update,Deployment,false
1.261688526,Regular,5,Delete,ConfigMap,false
1.281835475,Regular,5,Delete,Deployment,false
1.301695824,Regular,7,Create,Deployment,false
1.321973609,Regular,7,Create,ConfigMap,false
1.341980504,Regular,8,Update,Deployment,false
1.362612066,Regular,5,Delete,ConfigMap,false
1.381948218,Regular,5,Delete,Deployment,false
1.401716474,Regular,6,Create,Deployment,false
1.4218786909999999,Regular,6,Create,ConfigMap,false
1.441761843,Regular,8,Update,Deployment,false
1.461912359,Regular,5,Delete,ConfigMap,false
1.482444343,Regular,5,Delete,Deployment,false
1.501933774,Regular,7,Create,Deployment,false
1.522310956,Regular,7,Create,ConfigMap,false
1.5424858769999998,Regular,10,Update,Deployment,false
1.562628989,Regular,6,Delete,ConfigMap,false
1.582066442,Regular,7,Delete,Deployment,false
1.601927783,Regular,9,Create,Deployment,false
1.622055596,Regular,7,Create,ConfigMap,false
1.6420096819999999,Regular,8,Update,Deployment,false
1.661670365,Regular,5,Delete,ConfigMap,false
1.682977829,Regular,7,Delete,Deployment,false
1.702198393,Regular,8,Create,Deployment,false
1.7221262,Regular,5,Create,ConfigMap,false
1.742620743,Regular,10,Update,Deployment,false
1.761565027,Regular,6,Delete,ConfigMap,false
1.781993486,Regular,5,Delete,Deployment,false
1.8024253909999999,Regular,6,Create,Deployment,false
1.822326948,Regular,7,Create,ConfigMap,false
1.84185912,Regular,9,Update,Deployment,false
1.862464632,Regular,5,Delete,ConfigMap,false
1.882545376,Regular,6,Delete,Deployment,false
1.902190841,Regular,11,Create,Deployment,false
1.922273589,Regular,8,Create,ConfigMap,false
1.9422405889999999,Regular,10,Update,Deployment,false
1.962334007,Regular,7,Delete,ConfigMap,false
1.982311627,Regular,14,Delete,Deployment,false
1.001616723,Regular,7,Create,Deployment,false
1.022882799,Regular,8,Create,ConfigMap,false
1.042384723,Regular,8,Update,Deployment,false
1.061847203,Regular,6,Delete,ConfigMap,false
1.0818096640000001,Regular,6,Delete,Deployment,false
1.102490659,Regular,9,Create,Deployment,false
1.122302547,Regular,7,Create,ConfigMap,false
1.1417616210000001,Regular,10,Update,Deployment,false
1.162106653,Regular,7,Delete,ConfigMap,false
1.182160576,Regular,7,Delete,Deployment,false
1.201787185,Regular,7,Create,Deployment,false
1.221984118,Regular,11,Create,ConfigMap,false
1.242232578,Regular,9,Update,Deployment,false
1.261522423,Regular,5,Delete,ConfigMap,false
1.281858158,Regular,5,Delete,Deployment,false
1.3019184529999999,Regular,7,Create,Deployment,false
1.322030446,Regular,7,Create,ConfigMap,false
1.34191463,Regular,8,Update,Deployment,false
1.362563644,Regular,6,Delete,ConfigMap,false
1.3818860609999999,Regular,5,Delete,Deployment,false
1.4017803739999999,Regular,6,Create,Deployment,false
1.421843385,Regular,6,Create,ConfigMap,false
1.441826415,Regular,8,Update,Deployment,false
1.461723203,Regular,5,Delete,ConfigMap,false
1.4823155909999999,Regular,5,Delete,Deployment,false
1.501850998,Regular,7,Create,Deployment,false
1.522442023,Regular,4,Create,ConfigMap,false
1.5425197910000001,Regular,10,Update,Deployment,false
1.562620012,Regular,5,Delete,ConfigMap,false
1.582212246,Regular,7,Delete,Deployment,false
1.6017668,Regular,9,Create,Deployment,false
1.622022984,Regular,7,Create,ConfigMap,false
1.64213603,Regular,9,Update,Deployment,false
1.661745596,Regular,5,Delete,ConfigMap,false
1.682619294,Regular,4,Delete,Deployment,false
1.702126378,Regular,8,Create,Deployment,false
1.7220029270000001,Regular,6,Create,ConfigMap,false
1.742389878,Regular,10,Update,Deployment,false
1.761714198,Regular,5,Delete,ConfigMap,false
1.782203842,Regular,5,Delete,Deployment,false
1.802387741,Regular,7,Create,Deployment,false
1.822094731,Regular,7,Create,ConfigMap,false
1.8420622020000001,Regular,7,Update,Deployment,false
1.8623641530000001,Regular,5,Delete,ConfigMap,false
1.882966429,Regular,5,Delete,Deployment,false
1.902554886,Regular,10,Create,Deployment,false
1.922033487,Regular,9,Create,ConfigMap,false
1.942339174,Regular,11,Update,Deployment,false
1.9623159129999999,Regular,6,Delete,ConfigMap,false
1.982491786,Regular,14,Delete,Deployment,false
1.001844562,Regular,7,Create,Deployment,false
1.022618431,Regular,8,Create,ConfigMap,false
1.04235133,Regular,8,Update,Deployment,false
1.061735413,Regular,6,Delete,ConfigMap,false
1.081730165,Regular,4,Delete,Deployment,false
1.102282267,Regular,8,Create,Deployment,false
1.12238877,Regular,8,Create,ConfigMap,false
1.141592873,Regular,11,Update,Deployment,false
1.162496417,Regular,7,Delete,ConfigMap,false
1.182288146,Regular,4,Delete,Deployment,false
1.201882495,Regular,7,Create,Deployment,false
1.221888268,Regular,12,Create,ConfigMap,false
1.241832285,Regular,9,Update,Deployment,false
1.26171213,Regular,5,Delete,ConfigMap,false
1.282009993,Regular,4,Delete,Deployment,false
1.301799409,Regular,7,Create,Deployment,false
1.3218817760000001,Regular,7,Create,ConfigMap,false
1.342005592,Regular,7,Update,Deployment,false
1.362510013,Regular,5,Delete,ConfigMap,false
1.381757278,Regular,5,Delete,Deployment,false
1.4016392579999999,Regular,7,Create,Deployment,false
1.421818348,Regular,6,Create,ConfigMap,false
1.441852404,Regular,8,Update,Deployment,false
1.461735195,Regular,5,Delete,ConfigMap,false
1.482544331,Regular,5,Delete,Deployment,false
1.5018275540000001,Regular,6,Create,Deployment,false
1.52243534,Regular,7,Create,ConfigMap,false
1.542612686,Regular,10,Update,Deployment,false
1.5626707579999999,Regular,6,Delete,ConfigMap,false
1.5823104510000001,Regular,6,Delete,Deployment,false
1.601774044,Regular,9,Create,Deployment,false
1.621863153,Regular,6,Create,ConfigMap,false
1.642219226,Regular,7,Update,Deployment,false
1.661722393,Regular,5,Delete,ConfigMap,false
1.682656975,Regular,3,Delete,Deployment,false
1.702128412,Regular,7,Create,Deployment,false
1.7220611369999999,Regular,6,Create,ConfigMap,false
1.742352057,Regular,9,Update,Deployment,false
1.7617128050000002,Regular,6,Delete,ConfigMap,false
1.7820388120000001,Regular,6,Delete,Deployment,false
1.8025219030000001,Regular,7,Create,Deployment,false
1.8222861620000002,Regular,7,Create,ConfigMap,false
1.8419463139999999,Regular,11,Update,Deployment,false
1.862509056,Regular,5,Delete,ConfigMap,false
1.88282345,Regular,6,Delete,Deployment,false
1.902254851,Regular,11,Create,Deployment,false
1.9223442020000001,Regular,9,Create,ConfigMap,false
1.9419921009999999,Regular,10,Update,Deployment,false
1.96225603,Regular,6,Delete,ConfigMap,false
1.982483671,Regular,13,Delete,Deployment,false
1.001825466,Regular,7,Create,Deployment,false
1.022312826,Regular,10,Create,ConfigMap,false
1.042246302,Regular,7,Update,Deployment,false
1.061847103,Regular,6,Delete,ConfigMap,false
1.081645185,Regular,4,Delete,Deployment,false
1.102454361,Regular,9,Create,Deployment,false
1.122340919,Regular,8,Create,ConfigMap,false
1.141714532,Regular,11,Update,Deployment,false
1.1624130400000001,Regular,7,Delete,ConfigMap,false
1.1823029840000001,Regular,4,Delete,Deployment,false
1.201712264,Regular,4,Create,Deployment,false
1.222182582,Regular,8,Create,ConfigMap,false
1.2423005759999999,Regular,8,Update,Deployment,false
1.261508517,Regular,5,Delete,ConfigMap,false
1.28197086,Regular,5,Delete,Deployment,false
1.301893897,Regular,7,Create,Deployment,false
1.322045865,Regular,7,Create,ConfigMap,false
1.3419535439999999,Regular,8,Update,Deployment,false
1.362498201,Regular,6,Delete,ConfigMap,false
1.381929853,Regular,5,Delete,Deployment,false
1.401621515,Regular,6,Create,Deployment,false
1.421955546,Regular,5,Create,ConfigMap,false
1.441876549,Regular,7,Update,Deployment,false
1.4616703229999999,Regular,5,Delete,ConfigMap,false
1.482461555,Regular,5,Delete,Deployment,false
1.501705544,Regular,7,Create,Deployment,false
1.522440119,Regular,7,Create,ConfigMap,false
1.542669724,Regular,10,Update,Deployment,false
1.562668023,Regular,6,Delete,ConfigMap,false
1.582156922,Regular,6,Delete,Deployment,false
1.602185899,Regular,9,Create,Deployment,false
1.622026531,Regular,7,Create,ConfigMap,false
1.642211021,Regular,9,Update,Deployment,false
1.661709468,Regular,5,Delete,ConfigMap,false
1.682508195,Regular,8,Delete,Deployment,false
1.70219637,Regular,6,Create,Deployment,false
1.722092236,Regular,6,Create,ConfigMap,false
1.7423542410000001,Regular,9,Update,Deployment,false
1.761653514,Regular,6,Delete,ConfigMap,false
1.782076182,Regular,5,Delete,Deployment,false
1.802470266,Regular,7,Create,Deployment,false
1.822166416,Regular,7,Create,ConfigMap,false
1.841919994,Regular,10,Update,Deployment,false
1.862524535,Regular,5,Delete,ConfigMap,false
1.882637039,Regular,6,Delete,Deployment,false
1.902260592,Regular,11,Create,Deployment,false
1.922147411,Regular,9,Create,ConfigMap,false
1.9419764609999999,Regular,11,Update,Deployment,false
1.96217624,Regular,7,Delete,ConfigMap,false
1.982405293,Regular,14,Delete,Deployment,false
1.001700009,Regular,7,Create,Deployment,false
1.022675839,Regular,8,Create,ConfigMap,false
1.042342043,Regular,8,Update,Deployment,false
1.061704344,Regular,6,Delete,ConfigMap,false
1.081761905,Regular,4,Delete,Deployment,false
1.102209299,Regular,9,Create,Deployment,false
1.122556335,Regular,8,Create,ConfigMap,false
1.1415642990000001,Regular,10,Update,Deployment,false
1.162208585,Regular,7,Delete,ConfigMap,false
1.182567312,Regular,7,Delete,Deployment,false
1.201974287,Regular,7,Create,Deployment,false
1.222046886,Regular,12,Create,ConfigMap,false
1.2424119359999999,Regular,8,Update,Deployment,false
1.261809714,Regular,5,Delete,ConfigMap,false
1.28198176,Regular,5,Delete,Deployment,false
1.301945464,Regular,7,Create,Deployment,false
1.322042769,Regular,7,Create,ConfigMap,false
1.341970876,Regular,9,Update,Deployment,false
1.3626707759999999,Regular,6,Delete,ConfigMap,false
1.381732742,Regular,5,Delete,Deployment,false
1.401780033,Regular,6,Create,Deployment,false
1.422026099,Regular,6,Create,ConfigMap,false
1.441923948,Regular,8,Update,Deployment,false
1.461792323,Regular,5,Delete,ConfigMap,false
1.482291475,Regular,6,Delete,Deployment,false
1.501668815,Regular,7,Create,Deployment,false
1.522625248,Regular,7,Create,ConfigMap,false
1.542496818,Regular,10,Update,Deployment,false
1.562663144,Regular,5,Delete,ConfigMap,false
1.582350447,Regular,7,Delete,Deployment,false
1.601929677,Regular,9,Create,Deployment,false
1.622074451,Regular,7,Create,ConfigMap,false
1.642179401,Regular,9,Update,Deployment,false
1.661752519,Regular,5,Delete,ConfigMap,false
1.682892107,Regular,7,Delete,Deployment,false
1.7020451049999998,Regular,8,Create,Deployment,false
1.7219557189999999,Regular,6,Create,ConfigMap,false
1.742621685,Regular,9,Update,Deployment,false
1.761763631,Regular,6,Delete,ConfigMap,false
1.782114554,Regular,5,Delete,Deployment,false
1.8023432769999999,Regular,7,Create,Deployment,false
1.8222879650000001,Regular,6,Create,ConfigMap,false
1.842166569,Regular,8,Update,Deployment,false
1.862424817,Regular,5,Delete,ConfigMap,false
1.8826181929999999,Regular,6,Delete,Deployment,false
1.901997777,Regular,11,Create,Deployment,false
1.9222141769999999,Regular,7,Create,ConfigMap,false
1.941934953,Regular,10,Update,Deployment,false
1.962422794,Regular,6,Delete,ConfigMap,false
1.9825059029999998,Regular,14,Delete,Deployment,false
1.02276115,Regular,9,Create,ConfigMap,false
1.0423833,Regular,7,Update,Deployment,false
1.061975014,Regular,6,Delete,ConfigMap,false
1.081767124,Regular,4,Delete,Deployment,false
1.102482123,Regular,7,Create,Deployment,false
1.122322966,Regular,5,Create,ConfigMap,false
1.141823858,Regular,9,Update,Deployment,false
1.162421966,Regular,7,Delete,ConfigMap,false
1.182287786,Regular,7,Delete,Deployment,false
1.201879739,Regular,7,Create,Deployment,false
1.221912483,Regular,12,Create,ConfigMap,false
1.242235223,Regular,9,Update,Deployment,false
1.261825303,Regular,5,Delete,ConfigMap,false
1.281980839,Regular,5,Delete,Deployment,false
1.301758131,Regular,7,Create,Deployment,false
1.321885814,Regular,7,Create,ConfigMap,false
1.341956169,Regular,8,Update,Deployment,false
1.362534009,Regular,5,Delete,ConfigMap,false
1.381887063,Regular,3,Delete,Deployment,false
1.401771387,Regular,7,Create,Deployment,false
1.421891866,Regular,6,Create,ConfigMap,false
1.441844228,Regular,8,Update,Deployment,false
1.4617841679999999,Regular,5,Delete,ConfigMap,false
1.482398026,Regular,3,Delete,Deployment,false
1.501845608,Regular,7,Create,Deployment,false
1.5224379049999999,Regular,7,Create,ConfigMap,false
1.542672299,Regular,10,Update,Deployment,false
1.562521787,Regular,6,Delete,ConfigMap,false
1.582097941,Regular,7,Delete,Deployment,false
1.6018777690000001,Regular,9,Create,Deployment,false
1.622055986,Regular,7,Create,ConfigMap,false
1.6420459200000002,Regular,9,Update,Deployment,false
1.661649335,Regular,5,Delete,ConfigMap,false
1.682528022,Regular,8,Delete,Deployment,false
1.7019315609999999,Regular,8,Create,Deployment,false
1.722092105,Regular,6,Create,ConfigMap,false
1.742407952,Regular,10,Update,Deployment,false
1.76176843,Regular,5,Delete,ConfigMap,false
1.782158307,Regular,5,Delete,Deployment,false
1.802357373,Regular,7,Create,Deployment,false
1.822284078,Regular,7,Create,ConfigMap,false
1.8420173979999999,Regular,8,Update,Deployment,false
1.862343935,Regular,3,Delete,ConfigMap,false
1.882672967,Regular,5,Delete,Deployment,false
1.902060976,Regular,11,Create,Deployment,false
1.922132704,Regular,9,Create,ConfigMap,false
1.9424301050000001,Regular,10,Update,Deployment,false
1.962456427,Regular,4,Delete,ConfigMap,false
1.982527393,Regular,14,Delete,Deployment,false
2.00212638,Regular,9,Create,Deployment,false
1.022757984,Regular,9,Create,ConfigMap,false
1.042348996,Regular,8,Update,Deployment,false
1.061789645,Regular,6,Delete,ConfigMap,false
1.08161073,Regular,5,Delete,Deployment,false
1.102296413,Regular,9,Create,Deployment,false
1.122554221,Regular,8,Create,ConfigMap,false
1.141770317,Regular,11,Update,Deployment,false
1.161990223,Regular,7,Delete,ConfigMap,false
1.182496378,Regular,3,Delete,Deployment,false
1.201727513,Regular,7,Create,Deployment,false
1.221919316,Regular,12,Create,ConfigMap,false
1.242303301,Regular,8,Update,Deployment,false
1.26170652,Regular,5,Delete,ConfigMap,false
1.2819459229999999,Regular,5,Delete,Deployment,false
1.301894548,Regular,7,Create,Deployment,false
1.322028382,Regular,7,Create,ConfigMap,false
1.341805745,Regular,8,Update,Deployment,false
1.3625575429999999,Regular,3,Delete,ConfigMap,false
1.381941916,Regular,5,Delete,Deployment,false
1.401770676,Regular,6,Create,Deployment,false
1.422034354,Regular,6,Create,ConfigMap,false
1.441880777,Regular,8,Update,Deployment,false
1.461905346,Regular,5,Delete,ConfigMap,false
1.482414948,Regular,5,Delete,Deployment,false
1.501900301,Regular,6,Create,Deployment,false
1.5225407789999998,Regular,7,Create,ConfigMap,false
1.542612326,Regular,10,Update,Deployment,false
1.562477424,Regular,6,Delete,ConfigMap,false
1.582522561,Regular,6,Delete,Deployment,false
1.601723358,Regular,8,Create,Deployment,false
1.622058321,Regular,7,Create,ConfigMap,false
1.642179972,Regular,8,Update,Deployment,false
1.661721491,Regular,5,Delete,ConfigMap,false
1.682460475,Regular,8,Delete,Deployment,false
1.7021314269999999,Regular,8,Create,Deployment,false
1.7221034469999998,Regular,6,Create,ConfigMap,false
1.7422212510000001,Regular,7,Update,Deployment,false
1.761758752,Regular,5,Delete,ConfigMap,false
1.781980452,Regular,6,Delete,Deployment,false
1.8024357210000002,Regular,7,Create,Deployment,false
1.822356755,Regular,7,Create,ConfigMap,false
1.8422267620000001,Regular,8,Update,Deployment,false
1.862438112,Regular,5,Delete,ConfigMap,false
1.8825654040000002,Regular,5,Delete,Deployment,false
1.902094549,Regular,11,Create,Deployment,false
1.922352708,Regular,7,Create,ConfigMap,false
1.9421758470000001,Regular,10,Update,Deployment,false
1.962455355,Regular,7,Delete,ConfigMap,false
1.982533385,Regular,14,Delete,Deployment,false
2.002541422,Regular,10,Create,Deployment,false
1.022173052,Regular,7,Create,ConfigMap,false
1.042340099,Regular,8,Update,Deployment,false
1.061811987,Regular,6,Delete,ConfigMap,false
1.081795949,Regular,4,Delete,Deployment,false
1.102006447,Regular,9,Create,Deployment,false
1.122496002,Regular,8,Create,ConfigMap,false
1.141753515,Regular,9,Update,Deployment,false
1.162427847,Regular,7,Delete,ConfigMap,false
1.182060758,Regular,5,Delete,Deployment,false
1.202072432,Regular,6,Create,Deployment,false
1.2218147990000001,Regular,11,Create,ConfigMap,false
1.241992296,Regular,9,Update,Deployment,false
1.2618396,Regular,5,Delete,ConfigMap,false
1.2819532470000001,Regular,4,Delete,Deployment,false
1.3019095969999999,Regular,7,Create,Deployment,false
1.321901153,Regular,7,Create,ConfigMap,false
1.342005562,Regular,8,Update,Deployment,false
1.3623906190000001,Regular,4,Delete,ConfigMap,false
1.381896811,Regular,4,Delete,Deployment,false
1.401683562,Regular,5,Create,Deployment,false
1.421784744,Regular,6,Create,ConfigMap,false
1.441963753,Regular,8,Update,Deployment,false
1.461608687,Regular,4,Delete,ConfigMap,false
1.482345797,Regular,4,Delete,Deployment,false
1.501847291,Regular,7,Create,Deployment,false
1.522532774,Regular,7,Create,ConfigMap,false
1.542608258,Regular,11,Update,Deployment,false
1.5625842749999999,Regular,6,Delete,ConfigMap,false
1.582296134,Regular,6,Delete,Deployment,false
1.6019257489999998,Regular,9,Create,Deployment,false
1.62188797,Regular,5,Create,ConfigMap,false
1.642162279,Regular,9,Update,Deployment,false
1.6616014049999999,Regular,5,Delete,ConfigMap,false
1.6826419160000001,Regular,7,Delete,Deployment,false
1.701952891,Regular,8,Create,Deployment,false
1.722089901,Regular,6,Create,ConfigMap,false
1.742298677,Regular,10,Update,Deployment,false
1.761727273,Regular,6,Delete,ConfigMap,false
1.781953892,Regular,6,Delete,Deployment,false
1.80257865,Regular,7,Create,Deployment,false
1.8221882470000001,Regular,7,Create,ConfigMap,false
1.8420992919999999,Regular,9,Update,Deployment,false
1.862306785,Regular,5,Delete,ConfigMap,false
1.882485874,Regular,6,Delete,Deployment,false
1.9021914020000001,Regular,11,Create,Deployment,false
1.9219791640000001,Regular,9,Create,ConfigMap,false
1.942178351,Regular,10,Update,Deployment,false
1.96202218,Regular,7,Delete,ConfigMap,false
1.982474404,Regular,13,Delete,Deployment,false
2.002160895,Regular,11,Create,Deployment,false
2.00263069,Regular,10,Create,Deployment,false
2.0223329310000002,Regular,9,Create,ConfigMap,false
2.041876173,Regular,16,Update,Deployment,false
2.062451048,Regular,12,Delete,ConfigMap,false
2.082163819,Regular,8,Delete,Deployment,false
2.102437006,Regular,26,Create,Deployment,false
2.128805981,Regular,12,Create,ConfigMap,false
2.142037187,Regular,10,Update,Deployment,false
2.162160051,Regular,15,Delete,ConfigMap,false
2.181881639,Regular,35,Delete,Deployment,false
2.217558793,Regular,9,Create,Deployment,false
2.22738691,Regular,7,Create,ConfigMap,false
2.242109905,Regular,6,Update,Deployment,false
2.262355209,Regular,7,Delete,ConfigMap,false
2.28196695,Regular,6,Delete,Deployment,false
2.302582812,Regular,10,Create,Deployment,false
2.322215573,Regular,7,Create,ConfigMap,false
2.342239901,Regular,6,Update,Deployment,false
2.362691373,Regular,4,Delete,ConfigMap,false
2.381715427,Regular,4,Delete,Deployment,false
2.402362297,Regular,7,Create,Deployment,false
2.422150711,Regular,6,Create,ConfigMap,false
2.442514749,Regular,10,Update,Deployment,false
2.461969795,Regular,4,Delete,ConfigMap,false
2.481792713,Regular,3,Delete,Deployment,false
2.502205934,Regular,7,Create,Deployment,false
2.521595046,Regular,5,Create,ConfigMap,false
2.5419292369999997,Regular,8,Update,Deployment,false
2.561684959,Regular,5,Delete,ConfigMap,false
2.58154099,Regular,5,Delete,Deployment,false
2.6022207330000002,Regular,7,Create,Deployment,false
2.62210691,Regular,6,Create,ConfigMap,false
2.642412578,Regular,9,Update,Deployment,false
2.66225861,Regular,4,Delete,ConfigMap,false
2.68201308,Regular,7,Delete,Deployment,false
2.701667481,Regular,9,Create,Deployment,false
2.722194065,Regular,7,Create,ConfigMap,false
2.742500254,Regular,9,Update,Deployment,false
2.7625644769999997,Regular,6,Delete,ConfigMap,false
2.781740949,Regular,5,Delete,Deployment,false
2.802669499,Regular,9,Create,Deployment,false
2.822082005,Regular,9,Create,ConfigMap,false
2.842363177,Regular,8,Update,Deployment,false
2.861892242,Regular,5,Delete,ConfigMap,false
2.882423625,Regular,6,Delete,Deployment,false
2.902789706,Regular,7,Create,Deployment,false
2.921917756,Regular,5,Create,ConfigMap,false
2.942256667,Regular,11,Update,Deployment,false
2.9618627269999998,Regular,6,Delete,ConfigMap,false
2.982422714,Regular,6,Delete,Deployment,false
2.002533547,Regular,10,Create,Deployment,false
2.022349192,Regular,8,Create,ConfigMap,false
2.042056312,Regular,16,Update,Deployment,false
2.062176501,Regular,12,Delete,ConfigMap,false
2.082112422,Regular,9,Delete,Deployment,false
2.102515945,Regular,26,Create,Deployment,false
2.129289522,Regular,8,Create,ConfigMap,false
2.141918935,Regular,9,Update,Deployment,false
2.161633269,Regular,15,Delete,ConfigMap,false
2.183078422,Regular,37,Delete,Deployment,false
2.220471127,Regular,6,Create,Deployment,false
2.226907257,Regular,8,Create,ConfigMap,false
2.24234592,Regular,7,Update,Deployment,false
2.26205327,Regular,7,Delete,ConfigMap,false
2.282156617,Regular,6,Delete,Deployment,false
2.302286794,Regular,8,Create,Deployment,false
2.322140561,Regular,8,Create,ConfigMap,false
2.342291007,Regular,7,Update,Deployment,false
2.362504351,Regular,4,Delete,ConfigMap,false
2.381631379,Regular,4,Delete,Deployment,false
2.402539391,Regular,6,Create,Deployment,false
2.422254537,Regular,5,Create,ConfigMap,false
2.44260544,Regular,8,Update,Deployment,false
2.461854909,Regular,5,Delete,ConfigMap,false
2.482057522,Regular,6,Delete,Deployment,false
2.50223552,Regular,6,Create,Deployment,false
2.521530264,Regular,5,Create,ConfigMap,false
2.541902537,Regular,8,Update,Deployment,false
2.561829622,Regular,5,Delete,ConfigMap,false
2.581626872,Regular,5,Delete,Deployment,false
2.602226554,Regular,7,Create,Deployment,false
2.622228449,Regular,6,Create,ConfigMap,false
2.642611863,Regular,6,Update,Deployment,false
2.662167719,Regular,7,Delete,ConfigMap,false
2.681991369,Regular,6,Delete,Deployment,false
2.701866045,Regular,8,Create,Deployment,false
2.722123062,Regular,8,Create,ConfigMap,false
2.742348308,Regular,10,Update,Deployment,false
2.762483615,Regular,7,Delete,ConfigMap,false
2.7817424710000003,Regular,8,Delete,Deployment,false
2.802692793,Regular,9,Create,Deployment,false
2.822093757,Regular,9,Create,ConfigMap,false
2.84270487,Regular,9,Update,Deployment,false
2.861791212,Regular,5,Delete,ConfigMap,false
2.8829019259999997,Regular,5,Delete,Deployment,false
2.902318689,Regular,7,Create,Deployment,false
2.921736415,Regular,7,Create,ConfigMap,false
2.9425053549999998,Regular,11,Update,Deployment,false
2.9616843409999998,Regular,6,Delete,ConfigMap,false
2.982754048,Regular,6,Delete,Deployment,false
2.002631732,Regular,9,Create,Deployment,false
2.022628718,Regular,8,Create,ConfigMap,false
2.041682328,Regular,17,Update,Deployment,false
2.061973899,Regular,5,Delete,ConfigMap,false
2.082241425,Regular,8,Delete,Deployment,false
2.102223233,Regular,25,Create,Deployment,false
2.127269829,Regular,10,Create,ConfigMap,false
2.142386455,Regular,10,Update,Deployment,false
2.161842132,Regular,22,Delete,ConfigMap,false
2.18418715,Regular,34,Delete,Deployment,false
2.219094544,Regular,9,Create,Deployment,false
2.228745488,Regular,6,Create,ConfigMap,false
2.242348745,Regular,7,Update,Deployment,false
2.262099267,Regular,6,Delete,ConfigMap,false
2.282114468,Regular,5,Delete,Deployment,false
2.302163623,Regular,9,Create,Deployment,false
2.322450786,Regular,8,Create,ConfigMap,false
2.3422892539999998,Regular,6,Update,Deployment,false
2.36243486,Regular,8,Delete,ConfigMap,false
2.381564323,Regular,3,Delete,Deployment,false
2.402392084,Regular,7,Create,Deployment,false
2.422058237,Regular,5,Create,ConfigMap,false
2.442638792,Regular,10,Update,Deployment,false
2.461751875,Regular,4,Delete,ConfigMap,false
2.482192085,Regular,5,Delete,Deployment,false
2.502157473,Regular,7,Create,Deployment,false
2.521686127,Regular,5,Create,ConfigMap,false
2.5419298980000002,Regular,8,Update,Deployment,false
2.561640616,Regular,5,Delete,ConfigMap,false
2.581513619,Regular,5,Delete,Deployment,false
2.602133168,Regular,6,Create,Deployment,false
2.622166262,Regular,7,Create,ConfigMap,false
2.642837508,Regular,9,Update,Deployment,false
2.662363057,Regular,7,Delete,ConfigMap,false
2.681805159,Regular,7,Delete,Deployment,false
2.701798408,Regular,8,Create,Deployment,false
2.722224002,Regular,7,Create,ConfigMap,false
2.742400096,Regular,10,Update,Deployment,false
2.762554107,Regular,7,Delete,ConfigMap,false
2.7818240149999998,Regular,8,Delete,Deployment,false
2.802788223,Regular,9,Create,Deployment,false
2.822178888,Regular,10,Create,ConfigMap,false
2.842733174,Regular,9,Update,Deployment,false
2.8618578770000003,Regular,6,Delete,ConfigMap,false
2.882684987,Regular,6,Delete,Deployment,false
2.902373212,Regular,8,Create,Deployment,false
2.92185573,Regular,6,Create,ConfigMap,false
2.942517909,Regular,10,Update,Deployment,false
2.961718396,Regular,6,Delete,ConfigMap,false
2.982856932,Regular,6,Delete,Deployment,false
2.022548207,Regular,8,Create,ConfigMap,false
2.042211525,Regular,16,Update,Deployment,false
2.062514898,Regular,9,Delete,ConfigMap,false
2.082241435,Regular,8,Delete,Deployment,false
2.102438429,Regular,26,Create,Deployment,false
2.12919803,Regular,11,Create,ConfigMap,false
2.142386435,Regular,11,Update,Deployment,false
2.162008896,Regular,15,Delete,ConfigMap,false
2.181978421,Regular,12,Delete,Deployment,false
2.202070146,Regular,21,Create,Deployment,false
2.224010762,Regular,10,Create,ConfigMap,false
2.24233007,Regular,8,Update,Deployment,false
2.2621816519999998,Regular,7,Delete,ConfigMap,false
2.282088519,Regular,6,Delete,Deployment,false
2.302405328,Regular,8,Create,Deployment,false
2.322158555,Regular,6,Create,ConfigMap,false
2.34228208,Regular,8,Update,Deployment,false
2.362370819,Regular,4,Delete,ConfigMap,false
2.381726949,Regular,4,Delete,Deployment,false
2.402509264,Regular,6,Create,Deployment,false
2.422236313,Regular,5,Create,ConfigMap,false
2.4424497560000002,Regular,7,Update,Deployment,false
2.461822888,Regular,5,Delete,ConfigMap,false
2.482094251,Regular,3,Delete,Deployment,false
2.502339535,Regular,7,Create,Deployment,false
2.521654748,Regular,5,Create,ConfigMap,false
2.541866158,Regular,8,Update,Deployment,false
2.5618389390000003,Regular,5,Delete,ConfigMap,false
2.581527545,Regular,6,Delete,Deployment,false
2.602038349,Regular,7,Create,Deployment,false
2.621997484,Regular,6,Create,ConfigMap,false
2.642431053,Regular,9,Update,Deployment,false
2.662289398,Regular,5,Delete,ConfigMap,false
2.682010696,Regular,5,Delete,Deployment,false
2.701741791,Regular,9,Create,Deployment,false
2.722315704,Regular,7,Create,ConfigMap,false
2.742289317,Regular,10,Update,Deployment,false
2.7625192419999998,Regular,6,Delete,ConfigMap,false
2.781657371,Regular,8,Delete,Deployment,false
2.802792611,Regular,9,Create,Deployment,false
2.822179248,Regular,10,Create,ConfigMap,false
2.841988641,Regular,10,Update,Deployment,false
2.861920435,Regular,6,Delete,ConfigMap,false
2.882394811,Regular,6,Delete,Deployment,false
2.902321254,Regular,8,Create,Deployment,false
2.9216742780000002,Regular,7,Create,ConfigMap,false
2.9422041979999998,Regular,10,Update,Deployment,false
2.96166237,Regular,4,Delete,ConfigMap,false
2.9829300290000003,Regular,6,Delete,Deployment,false
2.022176487,Regular,9,Create,ConfigMap,false
2.0418265,Regular,16,Update,Deployment,false
2.062461117,Regular,9,Delete,ConfigMap,false
2.082144964,Regular,8,Delete,Deployment,false
2.102787636,Regular,25,Create,Deployment,false
2.128559818,Regular,9,Create,ConfigMap,false
2.14155014,Regular,10,Update,Deployment,false
2.162382009,Regular,14,Delete,ConfigMap,false
2.18293396,Regular,12,Delete,Deployment,false
2.202918744,Regular,21,Create,Deployment,false
2.224088138,Regular,8,Create,ConfigMap,false
2.242226725,Regular,8,Update,Deployment,false
2.2621542,Regular,7,Delete,ConfigMap,false
2.2820161629999998,Regular,6,Delete,Deployment,false
2.302209549,Regular,10,Create,Deployment,false
2.322079116,Regular,6,Create,ConfigMap,false
2.342239099,Regular,6,Update,Deployment,false
2.3625265730000002,Regular,7,Delete,ConfigMap,false
2.381617633,Regular,4,Delete,Deployment,false
2.40251781,Regular,6,Create,Deployment,false
2.422206677,Regular,4,Create,ConfigMap,false
2.442628994,Regular,6,Update,Deployment,false
2.461875087,Regular,5,Delete,ConfigMap,false
2.48195022,Regular,3,Delete,Deployment,false
2.502317394,Regular,6,Create,Deployment,false
2.521479849,Regular,5,Create,ConfigMap,false
2.541795726,Regular,8,Update,Deployment,false
2.5618049149999997,Regular,5,Delete,ConfigMap,false
2.581626872,Regular,5,Delete,Deployment,false
2.602243365,Regular,6,Create,Deployment,false
2.62215442,Regular,5,Create,ConfigMap,false
2.642591595,Regular,9,Update,Deployment,false
2.662349381,Regular,5,Delete,ConfigMap,false
2.6819635870000003,Regular,4,Delete,Deployment,false
2.701798077,Regular,9,Create,Deployment,false
2.722117962,Regular,7,Create,ConfigMap,false
2.742435111,Regular,10,Update,Deployment,false
2.762538799,Regular,6,Delete,ConfigMap,false
2.781537415,Regular,8,Delete,Deployment,false
2.802491233,Regular,9,Create,Deployment,false
2.822335833,Regular,9,Create,ConfigMap,false
2.842361193,Regular,10,Update,Deployment,false
2.861826879,Regular,6,Delete,ConfigMap,false
2.882551446,Regular,5,Delete,Deployment,false
2.902143059,Regular,8,Create,Deployment,false
2.921819091,Regular,6,Create,ConfigMap,false
2.942361254,Regular,10,Update,Deployment,false
2.961820247,Regular,6,Delete,ConfigMap,false
2.982546286,Regular,6,Delete,Deployment,false
2.002321968,Regular,11,Create,Deployment,false
2.022621184,Regular,8,Create,ConfigMap,false
2.041731531,Regular,17,Update,Deployment,false
2.062464984,Regular,12,Delete,ConfigMap,false
2.082180761,Regular,8,Delete,Deployment,false
2.102252769,Regular,31,Create,Deployment,false
2.134034537,Regular,6,Create,ConfigMap,false
2.14251139,Regular,10,Update,Deployment,false
2.162003236,Regular,14,Delete,ConfigMap,false
2.182385347,Regular,35,Delete,Deployment,false
2.217480415,Regular,9,Create,Deployment,false
2.226905744,Regular,7,Create,ConfigMap,false
2.242226284,Regular,8,Update,Deployment,false
2.26197322,Regular,7,Delete,ConfigMap,false
2.281935701,Regular,6,Delete,Deployment,false
2.302123026,Regular,9,Create,Deployment,false
2.322122588,Regular,6,Create,ConfigMap,false
2.342227778,Regular,7,Update,Deployment,false
2.362402539,Regular,4,Delete,ConfigMap,false
2.381603126,Regular,4,Delete,Deployment,false
2.402418593,Regular,5,Create,Deployment,false
2.42235732,Regular,5,Create,ConfigMap,false
2.442660844,Regular,10,Update,Deployment,false
2.46179172,Regular,4,Delete,ConfigMap,false
2.481901619,Regular,5,Delete,Deployment,false
2.502283049,Regular,7,Create,Deployment,false
2.521456785,Regular,6,Create,ConfigMap,false
2.5418181779999998,Regular,8,Update,Deployment,false
2.5617857490000002,Regular,5,Delete,ConfigMap,false
2.581584512,Regular,4,Delete,Deployment,false
2.602163134,Regular,7,Create,Deployment,false
2.622147236,Regular,6,Create,ConfigMap,false
2.642489984,Regular,9,Update,Deployment,false
2.662145928,Regular,5,Delete,ConfigMap,false
2.681885199,Regular,6,Delete,Deployment,false
2.701869762,Regular,8,Create,Deployment,false
2.7223386979999997,Regular,7,Create,ConfigMap,false
2.742483763,Regular,10,Update,Deployment,false
2.762866586,Regular,6,Delete,ConfigMap,false
2.781785703,Regular,6,Delete,Deployment,false
2.802690058,Regular,8,Create,Deployment,false
2.822334911,Regular,10,Create,ConfigMap,false
2.842361023,Regular,9,Update,Deployment,false
2.861840264,Regular,6,Delete,ConfigMap,false
2.8826229,Regular,5,Delete,Deployment,false
2.902544204,Regular,7,Create,Deployment,false
2.921752615,Regular,6,Create,ConfigMap,false
2.942445412,Regular,8,Update,Deployment,false
2.962025865,Regular,6,Delete,ConfigMap,false
2.982833087,Regular,6,Delete,Deployment,false
2.002202804,Regular,11,Create,Deployment,false
2.022391892,Regular,9,Create,ConfigMap,false
2.041694601,Regular,14,Update,Deployment,false
2.062619044,Regular,11,Delete,ConfigMap,false
2.082113414,Regular,8,Delete,Deployment,false
2.102682979,Regular,30,Create,Deployment,false
2.133681653,Regular,9,Create,ConfigMap,false
2.143043693,Regular,10,Update,Deployment,false
2.162180249,Regular,15,Delete,ConfigMap,false
2.182644686,Regular,11,Delete,Deployment,false
2.202543247,Regular,20,Create,Deployment,false
2.2230197560000002,Regular,11,Create,ConfigMap,false
2.242151513,Regular,7,Update,Deployment,false
2.262096893,Regular,7,Delete,ConfigMap,false
2.282087557,Regular,6,Delete,Deployment,false
2.302599253,Regular,9,Create,Deployment,false
2.322452589,Regular,8,Create,ConfigMap,false
2.342161012,Regular,7,Update,Deployment,false
2.362628735,Regular,7,Delete,ConfigMap,false
2.381570093,Regular,4,Delete,Deployment,false
2.402493454,Regular,6,Create,Deployment,false
2.422180678,Regular,6,Create,ConfigMap,false
2.442596383,Regular,7,Update,Deployment,false
2.461969935,Regular,5,Delete,ConfigMap,false
2.481900506,Regular,6,Delete,Deployment,false
2.502379511,Regular,6,Create,Deployment,false
2.521573355,Regular,5,Create,ConfigMap,false
2.541995752,Regular,8,Update,Deployment,false
2.561753148,Regular,5,Delete,ConfigMap,false
2.5815847229999997,Regular,5,Delete,Deployment,false
2.602051454,Regular,6,Create,Deployment,false
2.622146334,Regular,6,Create,ConfigMap,false
2.642592617,Regular,9,Update,Deployment,false
2.6622007610000002,Regular,7,Delete,ConfigMap,false
2.6818064010000002,Regular,7,Delete,Deployment,false
2.701801554,Regular,9,Create,Deployment,false
2.722164389,Regular,7,Create,ConfigMap,false
2.742483753,Regular,10,Update,Deployment,false
2.762644538,Regular,7,Delete,ConfigMap,false
2.7820938330000002,Regular,8,Delete,Deployment,false
2.802901105,Regular,9,Create,Deployment,false
2.821942743,Regular,9,Create,ConfigMap,false
2.842596526,Regular,8,Update,Deployment,false
2.861906389,Regular,5,Delete,ConfigMap,false
2.882623101,Regular,6,Delete,Deployment,false
2.902789836,Regular,7,Create,Deployment,false
2.921678346,Regular,7,Create,ConfigMap,false
2.942204208,Regular,11,Update,Deployment,false
2.961824906,Regular,5,Delete,ConfigMap,false
2.982518554,Regular,6,Delete,Deployment,false
2.00259338,Regular,10,Create,Deployment,false
2.022200011,Regular,9,Create,ConfigMap,false
2.041828183,Regular,16,Update,Deployment,false
2.062544264,Regular,9,Delete,ConfigMap,false
2.081966908,Regular,7,Delete,Deployment,false
2.10268349,Regular,25,Create,Deployment,false
2.128481801,Regular,9,Create,ConfigMap,false
2.14185795,Regular,11,Update,Deployment,false
2.162294043,Regular,8,Delete,ConfigMap,false
2.182018657,Regular,12,Delete,Deployment,false
2.203066863,Regular,21,Create,Deployment,false
2.2242358859999998,Regular,10,Create,ConfigMap,false
2.242077284,Regular,8,Update,Deployment,false
2.2621504630000002,Regular,7,Delete,ConfigMap,false
2.281925402,Regular,6,Delete,Deployment,false
2.302522358,Regular,9,Create,Deployment,false
2.322234538,Regular,8,Create,ConfigMap,false
2.342116218,Regular,8,Update,Deployment,false
2.362718223,Regular,4,Delete,ConfigMap,false
2.381644524,Regular,4,Delete,Deployment,false
2.402523992,Regular,7,Create,Deployment,false
2.422232195,Regular,5,Create,ConfigMap,false
2.442530729,Regular,10,Update,Deployment,false
2.461981918,Regular,4,Delete,ConfigMap,false
2.481825916,Regular,5,Delete,Deployment,false
2.502180927,Regular,7,Create,Deployment,false
2.521653526,Regular,5,Create,ConfigMap,false
2.541947051,Regular,8,Update,Deployment,false
2.561769398,Regular,5,Delete,ConfigMap,false
2.581504572,Regular,5,Delete,Deployment,false
2.602072594,Regular,7,Create,Deployment,false
2.622015598,Regular,6,Create,ConfigMap,false
2.642590814,Regular,9,Update,Deployment,false
2.66221584,Regular,5,Delete,ConfigMap,false
2.681870512,Regular,7,Delete,Deployment,false
2.701634389,Regular,9,Create,Deployment,false
2.7220962010000003,Regular,8,Create,ConfigMap,false
2.742422488,Regular,10,Update,Deployment,false
2.762453428,Regular,7,Delete,ConfigMap,false
2.781638055,Regular,8,Delete,Deployment,false
2.802900815,Regular,9,Create,Deployment,false
2.822511654,Regular,9,Create,ConfigMap,false
2.842771185,Regular,9,Update,Deployment,false
2.8621205720000003,Regular,5,Delete,ConfigMap,false
2.8825648409999998,Regular,6,Delete,Deployment,false
2.902803883,Regular,7,Create,Deployment,false
2.921769147,Regular,7,Create,ConfigMap,false
2.942221871,Regular,10,Update,Deployment,false
2.96173662,Regular,5,Delete,ConfigMap,false
2.9826095759999998,Regular,5,Delete,Deployment,false
3.002535238,Regular,8,Create,Deployment,false
2.022657843,Regular,8,Create,ConfigMap,false
2.042128088,Regular,16,Update,Deployment,false
2.062173125,Regular,4,Delete,ConfigMap,false
2.082327978,Regular,8,Delete,Deployment,false
2.102438439,Regular,26,Create,Deployment,false
2.129034802,Regular,9,Create,ConfigMap,false
2.142359314,Regular,10,Update,Deployment,false
2.161758725,Regular,15,Delete,ConfigMap,false
2.183461694,Regular,35,Delete,Deployment,false
2.219305492,Regular,8,Create,Deployment,false
2.2274683140000002,Regular,7,Create,ConfigMap,false
2.242184485,Regular,8,Update,Deployment,false
2.261960005,Regular,7,Delete,ConfigMap,false
2.282053363,Regular,5,Delete,Deployment,false
2.302405778,Regular,9,Create,Deployment,false
2.322233927,Regular,6,Create,ConfigMap,false
2.34228207,Regular,6,Update,Deployment,false
2.3625039,Regular,7,Delete,ConfigMap,false
2.381714836,Regular,4,Delete,Deployment,false
2.40240079,Regular,7,Create,Deployment,false
2.422117479,Regular,6,Create,ConfigMap,false
2.442657788,Regular,10,Update,Deployment,false
2.461801027,Regular,5,Delete,ConfigMap,false
2.481954107,Regular,6,Delete,Deployment,false
2.502327603,Regular,6,Create,Deployment,false
2.521490569,Regular,6,Create,ConfigMap,false
2.541912305,Regular,8,Update,Deployment,false
2.561783675,Regular,4,Delete,ConfigMap,false
2.581584572,Regular,5,Delete,Deployment,false
2.602103913,Regular,7,Create,Deployment,false
2.622219943,Regular,6,Create,ConfigMap,false
2.642507908,Regular,9,Update,Deployment,false
2.662242099,Regular,7,Delete,ConfigMap,false
2.681912851,Regular,6,Delete,Deployment,false
2.701883639,Regular,7,Create,Deployment,false
2.722142137,Regular,6,Create,ConfigMap,false
2.742499282,Regular,10,Update,Deployment,false
2.762670667,Regular,7,Delete,ConfigMap,false
2.7819802989999998,Regular,8,Delete,Deployment,false
2.802555955,Regular,9,Create,Deployment,false
2.822400956,Regular,9,Create,ConfigMap,false
2.842537836,Regular,9,Update,Deployment,false
2.8619192030000002,Regular,6,Delete,ConfigMap,false
2.882557217,Regular,6,Delete,Deployment,false
2.902625146,Regular,8,Create,Deployment,false
2.921878683,Regular,6,Create,ConfigMap,false
2.9424468150000003,Regular,10,Update,Deployment,false
2.961956243,Regular,5,Delete,ConfigMap,false
2.982756733,Regular,5,Delete,Deployment,false
3.002553723,Regular,8,Create,Deployment,false
2.002391349,Regular,10,Create,Deployment,false
2.02246496,Regular,8,Create,ConfigMap,false
2.042053197,Regular,16,Update,Deployment,false
2.062479091,Regular,11,Delete,ConfigMap,false
2.081751032,Regular,9,Delete,Deployment,false
2.102515945,Regular,24,Create,Deployment,false
2.127460889,Regular,9,Create,ConfigMap,false
2.142369092,Regular,9,Update,Deployment,false
2.161776919,Regular,16,Delete,ConfigMap,false
2.182131399,Regular,34,Delete,Deployment,false
2.21639953,Regular,13,Create,Deployment,false
2.230111851,Regular,5,Create,ConfigMap,false
2.242066133,Regular,8,Update,Deployment,false
2.261931221,Regular,7,Delete,ConfigMap,false
2.282107495,Regular,6,Delete,Deployment,false
2.3019365450000002,Regular,11,Create,Deployment,false
2.322286025,Regular,8,Create,ConfigMap,false
2.342096821,Regular,8,Update,Deployment,false
2.362453775,Regular,4,Delete,ConfigMap,false
2.3817665740000002,Regular,4,Delete,Deployment,false
2.4025815,Regular,6,Create,Deployment,false
2.4222720300000002,Regular,5,Create,ConfigMap,false
2.442660213,Regular,8,Update,Deployment,false
2.461833879,Regular,6,Delete,ConfigMap,false
2.482155557,Regular,5,Delete,Deployment,false
2.502348282,Regular,7,Create,Deployment,false
2.52166115,Regular,5,Create,ConfigMap,false
2.541881618,Regular,7,Update,Deployment,false
2.561839791,Regular,5,Delete,ConfigMap,false
2.581585414,Regular,4,Delete,Deployment,false
2.602116827,Regular,7,Create,Deployment,false
2.622174538,Regular,6,Create,ConfigMap,false
2.642616612,Regular,8,Update,Deployment,false
2.662304036,Regular,5,Delete,ConfigMap,false
2.681966222,Regular,6,Delete,Deployment,false
2.701595816,Regular,9,Create,Deployment,false
2.7222737649999997,Regular,7,Create,ConfigMap,false
2.7423725340000003,Regular,10,Update,Deployment,false
2.762508912,Regular,7,Delete,ConfigMap,false
2.781978947,Regular,7,Delete,Deployment,false
2.802894583,Regular,9,Create,Deployment,false
2.8219261920000003,Regular,9,Create,ConfigMap,false
2.84258256,Regular,9,Update,Deployment,false
2.861816249,Regular,5,Delete,ConfigMap,false
2.882683815,Regular,5,Delete,Deployment,false
2.902183064,Regular,8,Create,Deployment,false
2.921830151,Regular,6,Create,ConfigMap,false
2.942440573,Regular,9,Update,Deployment,false
2.9617026859999998,Regular,6,Delete,ConfigMap,false
2.982971968,Regular,5,Delete,Deployment,false
3.002574141,Regular,8,Create,Deployment,false
3.022411157,Regular,7,Create,ConfigMap,false
3.042706114,Regular,8,Update,Deployment,false
3.061836118,Regular,5,Delete,ConfigMap,false
3.082572827,Regular,5,Delete,Deployment,false
3.102655716,Regular,10,Create,Deployment,false
3.121496244,Regular,7,Create,ConfigMap,false
3.14230017,Regular,10,Update,Deployment,false
3.16268098,Regular,8,Delete,ConfigMap,false
3.182003105,Regular,8,Delete,Deployment,false
3.202523417,Regular,7,Create,Deployment,false
3.222952157,Regular,8,Create,ConfigMap,false
3.241727713,Regular,9,Update,Deployment,false
3.262026808,Regular,5,Delete,ConfigMap,false
3.282502176,Regular,4,Delete,Deployment,false
3.3017991540000002,Regular,7,Create,Deployment,false
3.322394568,Regular,5,Create,ConfigMap,false
3.342075759,Regular,8,Update,Deployment,false
3.362345159,Regular,6,Delete,ConfigMap,false
3.382041339,Regular,4,Delete,Deployment,false
3.402206712,Regular,7,Create,Deployment,false
3.422027828,Regular,6,Create,ConfigMap,false
3.442317054,Regular,11,Update,Deployment,false
3.462040436,Regular,6,Delete,ConfigMap,false
3.482392491,Regular,6,Delete,Deployment,false
3.501965128,Regular,7,Create,Deployment,false
3.522229859,Regular,7,Create,ConfigMap,false
3.542357552,Regular,6,Update,Deployment,false
3.561764246,Regular,5,Delete,ConfigMap,false
3.5817795070000003,Regular,4,Delete,Deployment,false
3.602080627,Regular,6,Create,Deployment,false
3.6223997089999997,Regular,7,Create,ConfigMap,false
3.6420885160000003,Regular,8,Update,Deployment,false
3.662155063,Regular,5,Delete,ConfigMap,false
3.681963364,Regular,6,Delete,Deployment,false
3.7023612249999998,Regular,9,Create,Deployment,false
3.722476455,Regular,8,Create,ConfigMap,false
3.742296528,Regular,10,Update,Deployment,false
3.762190841,Regular,6,Delete,ConfigMap,false
3.782688621,Regular,6,Delete,Deployment,false
3.802607891,Regular,8,Create,Deployment,false
3.822282591,Regular,9,Create,ConfigMap,false
3.8426972839999998,Regular,9,Update,Deployment,false
3.862646931,Regular,6,Delete,ConfigMap,false
3.881916377,Regular,5,Delete,Deployment,false
3.9017498760000002,Regular,9,Create,Deployment,false
3.92240909,Regular,8,Create,ConfigMap,false
3.942167697,Regular,11,Update,Deployment,false
3.962404505,Regular,6,Delete,ConfigMap,false
3.982630703,Regular,4,Delete,Deployment,false
3.022733794,Regular,7,Create,ConfigMap,false
3.042527638,Regular,7,Update,Deployment,false
3.061981782,Regular,5,Delete,ConfigMap,false
3.08238835,Regular,6,Delete,Deployment,false
3.102551239,Regular,8,Create,Deployment,false
3.12154693,Regular,7,Create,ConfigMap,false
3.142323164,Regular,9,Update,Deployment,false
3.162571493,Regular,8,Delete,ConfigMap,false
3.181954654,Regular,8,Delete,Deployment,false
3.202653753,Regular,8,Create,Deployment,false
3.223129921,Regular,7,Create,ConfigMap,false
3.241633385,Regular,8,Update,Deployment,false
3.262051725,Regular,5,Delete,ConfigMap,false
3.282578349,Regular,3,Delete,Deployment,false
3.301800988,Regular,6,Create,Deployment,false
3.322303857,Regular,6,Create,ConfigMap,false
3.341978716,Regular,9,Update,Deployment,false
3.362205746,Regular,6,Delete,ConfigMap,false
3.382016502,Regular,5,Delete,Deployment,false
3.402199439,Regular,7,Create,Deployment,false
3.421994836,Regular,5,Create,ConfigMap,false
3.442688925,Regular,11,Update,Deployment,false
3.462173406,Regular,5,Delete,ConfigMap,false
3.482453285,Regular,5,Delete,Deployment,false
3.502064866,Regular,6,Create,Deployment,false
3.5223664059999997,Regular,5,Create,ConfigMap,false
3.542323387,Regular,8,Update,Deployment,false
3.561782902,Regular,5,Delete,ConfigMap,false
3.581693806,Regular,4,Delete,Deployment,false
3.601925725,Regular,6,Create,Deployment,false
3.622413355,Regular,7,Create,ConfigMap,false
3.642030947,Regular,8,Update,Deployment,false
3.662333188,Regular,5,Delete,ConfigMap,false
3.681912338,Regular,8,Delete,Deployment,false
3.702392324,Regular,9,Create,Deployment,false
3.722592724,Regular,6,Create,ConfigMap,false
3.74234531,Regular,10,Update,Deployment,false
3.761791449,Regular,6,Delete,ConfigMap,false
3.782373778,Regular,6,Delete,Deployment,false
3.80260745,Regular,7,Create,Deployment,false
3.8222301720000003,Regular,9,Create,ConfigMap,false
3.842718253,Regular,10,Update,Deployment,false
3.862557242,Regular,6,Delete,ConfigMap,false
3.881918401,Regular,5,Delete,Deployment,false
3.901816742,Regular,9,Create,Deployment,false
3.922464815,Regular,7,Create,ConfigMap,false
3.942181122,Regular,11,Update,Deployment,false
3.962493072,Regular,6,Delete,ConfigMap,false
3.982973499,Regular,5,Delete,Deployment,false
3.002413679,Regular,8,Create,Deployment,false
3.02274776,Regular,7,Create,ConfigMap,false
3.042461002,Regular,9,Update,Deployment,false
3.062356308,Regular,4,Delete,ConfigMap,false
3.082514057,Regular,6,Delete,Deployment,false
3.102677286,Regular,10,Create,Deployment,false
3.1216448039999998,Regular,5,Create,ConfigMap,false
3.1423424,Regular,9,Update,Deployment,false
3.162619524,Regular,7,Delete,ConfigMap,false
3.181821724,Regular,9,Delete,Deployment,false
3.202710349,Regular,7,Create,Deployment,false
3.223070409,Regular,9,Create,ConfigMap,false
3.241707335,Regular,8,Update,Deployment,false
3.262083054,Regular,6,Delete,ConfigMap,false
3.282457732,Regular,4,Delete,Deployment,false
3.30180251,Regular,7,Create,Deployment,false
3.3223155589999998,Regular,5,Create,ConfigMap,false
3.341992743,Regular,8,Update,Deployment,false
3.362217478,Regular,5,Delete,ConfigMap,false
3.382015701,Regular,5,Delete,Deployment,false
3.402268479,Regular,7,Create,Deployment,false
3.421980599,Regular,6,Create,ConfigMap,false
3.44247389,Regular,11,Update,Deployment,false
3.46216476,Regular,5,Delete,ConfigMap,false
3.482333991,Regular,6,Delete,Deployment,false
3.501904845,Regular,7,Create,Deployment,false
3.522252602,Regular,7,Create,ConfigMap,false
3.542388139,Regular,8,Update,Deployment,false
3.5617916579999997,Regular,5,Delete,ConfigMap,false
3.5817496909999997,Regular,4,Delete,Deployment,false
3.602017327,Regular,7,Create,Deployment,false
3.622376606,Regular,7,Create,ConfigMap,false
3.6420889770000002,Regular,8,Update,Deployment,false
3.662192534,Regular,7,Delete,ConfigMap,false
3.681834351,Regular,6,Delete,Deployment,false
3.702411751,Regular,9,Create,Deployment,false
3.722935169,Regular,7,Create,ConfigMap,false
3.742364256,Regular,9,Update,Deployment,false
3.761785187,Regular,7,Delete,ConfigMap,false
3.782334324,Regular,5,Delete,Deployment,false
3.8028182470000003,Regular,7,Create,Deployment,false
3.822287169,Regular,9,Create,ConfigMap,false
3.8425170939999997,Regular,10,Update,Deployment,false
3.86245008,Regular,6,Delete,ConfigMap,false
3.88174267,Regular,5,Delete,Deployment,false
3.901972986,Regular,8,Create,Deployment,false
3.922371178,Regular,7,Create,ConfigMap,false
3.9421977740000003,Regular,10,Update,Deployment,false
3.962559647,Regular,6,Delete,ConfigMap,false
3.982498274,Regular,6,Delete,Deployment,false
3.002428787,Regular,8,Create,Deployment,false
3.02280068,Regular,7,Create,ConfigMap,false
3.042673052,Regular,9,Update,Deployment,false
3.061816541,Regular,6,Delete,ConfigMap,false
3.082326113,Regular,6,Delete,Deployment,false
3.102372282,Regular,9,Create,Deployment,false
3.121701841,Regular,6,Create,ConfigMap,false
3.142466023,Regular,8,Update,Deployment,false
3.162677623,Regular,8,Delete,ConfigMap,false
3.18199498,Regular,8,Delete,Deployment,false
3.202501155,Regular,8,Create,Deployment,false
3.223326361,Regular,7,Create,ConfigMap,false
3.241712695,Regular,9,Update,Deployment,false
3.262184656,Regular,6,Delete,ConfigMap,false
3.282386588,Regular,5,Delete,Deployment,false
3.301668398,Regular,7,Create,Deployment,false
3.322373318,Regular,6,Create,ConfigMap,false
3.34211859,Regular,8,Update,Deployment,false
3.362323017,Regular,8,Delete,ConfigMap,false
3.382045196,Regular,5,Delete,Deployment,false
3.4020049119999998,Regular,7,Create,Deployment,false
3.422023329,Regular,6,Create,ConfigMap,false
3.442748587,Regular,10,Update,Deployment,false
3.462165632,Regular,5,Delete,ConfigMap,false
3.482311148,Regular,5,Delete,Deployment,false
3.501952404,Regular,6,Create,Deployment,false
3.522318706,Regular,7,Create,ConfigMap,false
3.54239381,Regular,6,Update,Deployment,false
3.561933645,Regular,5,Delete,ConfigMap,false
3.581810486,Regular,4,Delete,Deployment,false
3.602033347,Regular,7,Create,Deployment,false
3.622240991,Regular,7,Create,ConfigMap,false
3.641979771,Regular,8,Update,Deployment,false
3.662293043,Regular,6,Delete,ConfigMap,false
3.681734153,Regular,7,Delete,Deployment,false
3.7022750330000003,Regular,8,Create,Deployment,false
3.722458441,Regular,8,Create,ConfigMap,false
3.742309192,Regular,9,Update,Deployment,false
3.761982619,Regular,6,Delete,ConfigMap,false
3.782490548,Regular,5,Delete,Deployment,false
3.802544522,Regular,8,Create,Deployment,false
3.822326533,Regular,9,Create,ConfigMap,false
3.842651137,Regular,8,Update,Deployment,false
3.862574434,Regular,6,Delete,ConfigMap,false
3.881761907,Regular,6,Delete,Deployment,false
3.901511708,Regular,9,Create,Deployment,false
3.922266511,Regular,8,Create,ConfigMap,false
3.9420847009999997,Regular,11,Update,Deployment,false
3.96244411,Regular,6,Delete,ConfigMap,false
3.982513883,Regular,6,Delete,Deployment,false
3.022440612,Regular,7,Create,ConfigMap,false
3.042464038,Regular,10,Update,Deployment,false
3.061933511,Regular,5,Delete,ConfigMap,false
3.082373261,Regular,6,Delete,Deployment,false
3.102400034,Regular,8,Create,Deployment,false
3.121662848,Regular,7,Create,ConfigMap,false
3.142372076,Regular,10,Update,Deployment,false
3.162785396,Regular,7,Delete,ConfigMap,false
3.182349267,Regular,8,Delete,Deployment,false
3.202626071,Regular,9,Create,Deployment,false
3.22246562,Regular,9,Create,ConfigMap,false
3.241647121,Regular,9,Update,Deployment,false
3.262232606,Regular,5,Delete,ConfigMap,false
3.282555707,Regular,5,Delete,Deployment,false
3.301711459,Regular,7,Create,Deployment,false
3.322205652,Regular,6,Create,ConfigMap,false
3.342074857,Regular,8,Update,Deployment,false
3.36237777,Regular,6,Delete,ConfigMap,false
3.382066526,Regular,5,Delete,Deployment,false
3.402198727,Regular,7,Create,Deployment,false
3.421916999,Regular,6,Create,ConfigMap,false
3.442361718,Regular,11,Update,Deployment,false
3.462083858,Regular,5,Delete,ConfigMap,false
3.482583561,Regular,5,Delete,Deployment,false
3.502083601,Regular,7,Create,Deployment,false
3.522457147,Regular,7,Create,ConfigMap,false
3.542323006,Regular,6,Update,Deployment,false
3.561951158,Regular,6,Delete,ConfigMap,false
3.581736066,Regular,5,Delete,Deployment,false
3.601969147,Regular,5,Create,Deployment,false
3.622397014,Regular,7,Create,ConfigMap,false
3.642116859,Regular,8,Update,Deployment,false
3.662522886,Regular,5,Delete,ConfigMap,false
3.6817663229999997,Regular,8,Delete,Deployment,false
3.702493044,Regular,9,Create,Deployment,false
3.722662615,Regular,8,Create,ConfigMap,false
3.742352975,Regular,9,Update,Deployment,false
3.7620384639999997,Regular,4,Delete,ConfigMap,false
3.782468627,Regular,6,Delete,Deployment,false
3.802330408,Regular,8,Create,Deployment,false
3.822363493,Regular,7,Create,ConfigMap,false
3.8426810529999997,Regular,10,Update,Deployment,false
3.8623440110000002,Regular,7,Delete,ConfigMap,false
3.881979797,Regular,4,Delete,Deployment,false
3.901719028,Regular,9,Create,Deployment,false
3.922313139,Regular,7,Create,ConfigMap,false
3.94249861,Regular,12,Update,Deployment,false
3.962462625,Regular,6,Delete,ConfigMap,false
3.982535734,Regular,6,Delete,Deployment,false
3.002509309,Regular,8,Create,Deployment,false
3.022827881,Regular,7,Create,ConfigMap,false
3.042277286,Regular,9,Update,Deployment,false
3.061977093,Regular,6,Delete,ConfigMap,false
3.082566295,Regular,6,Delete,Deployment,false
3.102643162,Regular,10,Create,Deployment,false
3.121587075,Regular,7,Create,ConfigMap,false
3.142605986,Regular,10,Update,Deployment,false
3.162319228,Regular,8,Delete,ConfigMap,false
3.181797308,Regular,8,Delete,Deployment,false
3.202635428,Regular,7,Create,Deployment,false
3.222495627,Regular,8,Create,ConfigMap,false
3.24169424,Regular,8,Update,Deployment,false
3.262117529,Regular,5,Delete,ConfigMap,false
3.282554625,Regular,4,Delete,Deployment,false
3.301872803,Regular,7,Create,Deployment,false
3.322172099,Regular,6,Create,ConfigMap,false
3.3420193129999998,Regular,8,Update,Deployment,false
3.362314231,Regular,6,Delete,ConfigMap,false
3.38186161,Regular,4,Delete,Deployment,false
3.402272807,Regular,7,Create,Deployment,false
3.422066661,Regular,6,Create,ConfigMap,false
3.442600148,Regular,11,Update,Deployment,false
3.462097553,Regular,5,Delete,ConfigMap,false
3.482225486,Regular,6,Delete,Deployment,false
3.501894265,Regular,7,Create,Deployment,false
3.5223877359999998,Regular,7,Create,ConfigMap,false
3.542190156,Regular,8,Update,Deployment,false
3.561724351,Regular,4,Delete,ConfigMap,false
3.581716338,Regular,5,Delete,Deployment,false
3.602073213,Regular,7,Create,Deployment,false
3.622383599,Regular,7,Create,ConfigMap,false
3.642123702,Regular,8,Update,Deployment,false
3.662230074,Regular,5,Delete,ConfigMap,false
3.681911467,Regular,4,Delete,Deployment,false
3.702492683,Regular,6,Create,Deployment,false
3.722669098,Regular,8,Create,ConfigMap,false
3.7422036629999997,Regular,9,Update,Deployment,false
3.761922927,Regular,6,Delete,ConfigMap,false
3.782428571,Regular,6,Delete,Deployment,false
3.8023541229999998,Regular,8,Create,Deployment,false
3.822102461,Regular,9,Create,ConfigMap,false
3.842636679,Regular,10,Update,Deployment,false
3.86247104,Regular,6,Delete,ConfigMap,false
3.881919644,Regular,4,Delete,Deployment,false
3.901718567,Regular,9,Create,Deployment,false
3.922491345,Regular,7,Create,ConfigMap,false
3.942255082,Regular,12,Update,Deployment,false
3.962494645,Regular,6,Delete,ConfigMap,false
3.982897205,Regular,8,Delete,Deployment,false
3.002661736,Regular,8,Create,Deployment,false
3.022715359,Regular,7,Create,ConfigMap,false
3.042339183,Regular,9,Update,Deployment,false
3.061914465,Regular,5,Delete,ConfigMap,false
3.082568188,Regular,6,Delete,Deployment,false
3.102439428,Regular,7,Create,Deployment,false
3.121668449,Regular,6,Create,ConfigMap,false
3.142524823,Regular,10,Update,Deployment,false
3.162522371,Regular,5,Delete,ConfigMap,false
3.182009507,Regular,6,Delete,Deployment,false
3.20265247,Regular,8,Create,Deployment,false
3.223130472,Regular,9,Create,ConfigMap,false
3.241713336,Regular,9,Update,Deployment,false
3.262347953,Regular,4,Delete,ConfigMap,false
3.282531822,Regular,5,Delete,Deployment,false
3.301819903,Regular,5,Create,Deployment,false
3.322290762,Regular,5,Create,ConfigMap,false
3.342100576,Regular,8,Update,Deployment,false
3.362236665,Regular,6,Delete,ConfigMap,false
3.381929278,Regular,5,Delete,Deployment,false
3.40212585,Regular,7,Create,Deployment,false
3.421959289,Regular,5,Create,ConfigMap,false
3.442524014,Regular,11,Update,Deployment,false
3.462048872,Regular,6,Delete,ConfigMap,false
3.482589552,Regular,6,Delete,Deployment,false
3.502066118,Regular,7,Create,Deployment,false
3.522455113,Regular,7,Create,ConfigMap,false
3.542391035,Regular,6,Update,Deployment,false
3.561940759,Regular,7,Delete,ConfigMap,false
3.581680621,Regular,4,Delete,Deployment,false
3.601937697,Regular,7,Create,Deployment,false
3.622300362,Regular,7,Create,ConfigMap,false
3.641960164,Regular,9,Update,Deployment,false
3.662164751,Regular,5,Delete,ConfigMap,false
3.682143093,Regular,5,Delete,Deployment,false
3.702527769,Regular,9,Create,Deployment,false
3.722400672,Regular,8,Create,ConfigMap,false
3.742405353,Regular,9,Update,Deployment,false
3.762194899,Regular,5,Delete,ConfigMap,false
3.782355484,Regular,6,Delete,Deployment,false
3.802371746,Regular,8,Create,Deployment,false
3.822155992,Regular,9,Create,ConfigMap,false
3.842579512,Regular,10,Update,Deployment,false
3.862496908,Regular,5,Delete,ConfigMap,false
3.882004994,Regular,4,Delete,Deployment,false
3.901733175,Regular,9,Create,Deployment,false
3.9222767,Regular,7,Create,ConfigMap,false
3.942271322,Regular,12,Update,Deployment,false
3.962554177,Regular,6,Delete,ConfigMap,false
3.9826887429999998,Regular,5,Delete,Deployment,false
3.00244594,Regular,8,Create,Deployment,false
3.022798606,Regular,7,Create,ConfigMap,false
3.042698229,Regular,8,Update,Deployment,false
3.061769432,Regular,4,Delete,ConfigMap,false
3.082569751,Regular,6,Delete,Deployment,false
3.102665274,Regular,8,Create,Deployment,false
3.121660183,Regular,6,Create,ConfigMap,false
3.1425153359999998,Regular,10,Update,Deployment,false
3.161912001,Regular,8,Delete,ConfigMap,false
3.1819546340000002,Regular,8,Delete,Deployment,false
3.202571528,Regular,8,Create,Deployment,false
3.223142625,Regular,8,Create,ConfigMap,false
3.241521615,Regular,9,Update,Deployment,false
3.262129622,Regular,3,Delete,ConfigMap,false
3.282474634,Regular,9,Delete,Deployment,false
3.301683637,Regular,5,Create,Deployment,false
3.322373368,Regular,6,Create,ConfigMap,false
3.341928532,Regular,9,Update,Deployment,false
3.362158557,Regular,6,Delete,ConfigMap,false
3.381957792,Regular,5,Delete,Deployment,false
3.402268769,Regular,7,Create,Deployment,false
3.42190145,Regular,6,Create,ConfigMap,false
3.44269196,Regular,11,Update,Deployment,false
3.4622022709999998,Regular,5,Delete,ConfigMap,false
3.482521544,Regular,5,Delete,Deployment,false
3.501921666,Regular,6,Create,Deployment,false
3.522343342,Regular,7,Create,ConfigMap,false
3.5423844620000002,Regular,8,Update,Deployment,false
3.561942212,Regular,7,Delete,ConfigMap,false
3.581672526,Regular,5,Delete,Deployment,false
3.602035291,Regular,6,Create,Deployment,false
3.622464572,Regular,7,Create,ConfigMap,false
3.642155322,Regular,8,Update,Deployment,false
3.662320515,Regular,5,Delete,ConfigMap,false
3.681930012,Regular,7,Delete,Deployment,false
3.702381854,Regular,9,Create,Deployment,false
3.722400662,Regular,8,Create,ConfigMap,false
3.742262304,Regular,10,Update,Deployment,false
3.761757926,Regular,7,Delete,ConfigMap,false
3.782245516,Regular,6,Delete,Deployment,false
3.802549561,Regular,8,Create,Deployment,false
3.822286889,Regular,9,Create,ConfigMap,false
3.842673268,Regular,10,Update,Deployment,false
3.862305037,Regular,7,Delete,ConfigMap,false
3.881797263,Regular,5,Delete,Deployment,false
3.901804349,Regular,9,Create,Deployment,false
3.922455647,Regular,6,Create,ConfigMap,false
3.942149122,Regular,11,Update,Deployment,false
3.9625094929999998,Regular,6,Delete,ConfigMap,false
3.982467686,Regular,6,Delete,Deployment,false
3.002661916,Regular,8,Create,Deployment,false
3.022752459,Regular,7,Create,ConfigMap,false
3.042774212,Regular,8,Update,Deployment,false
3.061743443,Regular,5,Delete,ConfigMap,false
3.082842605,Regular,6,Delete,Deployment,false
3.10251489,Regular,11,Create,Deployment,false
3.121530749,Regular,7,Create,ConfigMap,false
3.14246993,Regular,8,Update,Deployment,false
3.162487565,Regular,8,Delete,ConfigMap,false
3.18195242,Regular,8,Delete,Deployment,false
3.20266273,Regular,8,Create,Deployment,false
3.22318243,Regular,7,Create,ConfigMap,false
3.241618628,Regular,8,Update,Deployment,false
3.262070761,Regular,5,Delete,ConfigMap,false
3.282579792,Regular,5,Delete,Deployment,false
3.301816928,Regular,7,Create,Deployment,false
3.322373508,Regular,5,Create,ConfigMap,false
3.342119602,Regular,8,Update,Deployment,false
3.362314922,Regular,6,Delete,ConfigMap,false
3.381980925,Regular,5,Delete,Deployment,false
3.4021041690000002,Regular,7,Create,Deployment,false
3.422078433,Regular,5,Create,ConfigMap,false
3.4425647010000002,Regular,11,Update,Deployment,false
3.462064271,Regular,5,Delete,ConfigMap,false
3.482390557,Regular,6,Delete,Deployment,false
3.502020442,Regular,7,Create,Deployment,false
3.522397194,Regular,7,Create,ConfigMap,false
3.542309731,Regular,8,Update,Deployment,false
3.561742085,Regular,5,Delete,ConfigMap,false
3.581810796,Regular,5,Delete,Deployment,false
3.6020573430000002,Regular,6,Create,Deployment,false
3.622333395,Regular,7,Create,ConfigMap,false
3.642045665,Regular,8,Update,Deployment,false
3.662291871,Regular,7,Delete,ConfigMap,false
3.68189724,Regular,6,Delete,Deployment,false
3.702433762,Regular,9,Create,Deployment,false
3.722428104,Regular,8,Create,ConfigMap,false
3.742395114,Regular,9,Update,Deployment,false
3.761923518,Regular,6,Delete,ConfigMap,false
3.7824314770000003,Regular,6,Delete,Deployment,false
3.802343503,Regular,8,Create,Deployment,false
3.822279655,Regular,9,Create,ConfigMap,false
3.8427232719999997,Regular,10,Update,Deployment,false
3.862494133,Regular,6,Delete,ConfigMap,false
3.881919103,Regular,5,Delete,Deployment,false
3.901742041,Regular,9,Create,Deployment,false
3.922550175,Regular,7,Create,ConfigMap,false
3.942250763,Regular,9,Update,Deployment,false
3.962492251,Regular,6,Delete,ConfigMap,false
3.982630823,Regular,6,Delete,Deployment,false
3.00240372,Regular,8,Create,Deployment,false
3.022624128,Regular,7,Create,ConfigMap,false
3.042366334,Regular,10,Update,Deployment,false
3.061722273,Regular,5,Delete,ConfigMap,false
3.082410091,Regular,6,Delete,Deployment,false
3.102490705,Regular,10,Create,Deployment,false
3.121614507,Regular,7,Create,ConfigMap,false
3.142514584,Regular,9,Update,Deployment,false
3.162486022,Regular,7,Delete,ConfigMap,false
3.182215485,Regular,8,Delete,Deployment,false
3.20273711,Regular,8,Create,Deployment,false
3.223225271,Regular,9,Create,ConfigMap,false
3.241560007,Regular,9,Update,Deployment,false
3.262194314,Regular,4,Delete,ConfigMap,false
3.282551819,Regular,8,Delete,Deployment,false
3.3017222889999998,Regular,7,Create,Deployment,false
3.322217725,Regular,6,Create,ConfigMap,false
3.342003413,Regular,8,Update,Deployment,false
3.362378441,Regular,8,Delete,ConfigMap,false
3.382067178,Regular,5,Delete,Deployment,false
3.402059185,Regular,7,Create,Deployment,false
3.4220249320000002,Regular,7,Create,ConfigMap,false
3.442543922,Regular,10,Update,Deployment,false
3.462113343,Regular,5,Delete,ConfigMap,false
3.482428519,Regular,5,Delete,Deployment,false
3.502069425,Regular,7,Create,Deployment,false
3.522403285,Regular,6,Create,ConfigMap,false
3.542354686,Regular,7,Update,Deployment,false
3.561897668,Regular,5,Delete,ConfigMap,false
3.581811488,Regular,4,Delete,Deployment,false
3.601899656,Regular,6,Create,Deployment,false
3.622401072,Regular,4,Create,ConfigMap,false
3.642158878,Regular,8,Update,Deployment,false
3.662336435,Regular,5,Delete,ConfigMap,false
3.681848839,Regular,7,Delete,Deployment,false
3.702540012,Regular,9,Create,Deployment,false
3.722596912,Regular,7,Create,ConfigMap,false
3.742380937,Regular,9,Update,Deployment,false
3.761974344,Regular,5,Delete,ConfigMap,false
3.782453027,Regular,6,Delete,Deployment,false
3.80254388,Regular,8,Create,Deployment,false
3.822327445,Regular,9,Create,ConfigMap,false
3.842513317,Regular,10,Update,Deployment,false
3.862560749,Regular,5,Delete,ConfigMap,false
3.881828081,Regular,5,Delete,Deployment,false
3.901599563,Regular,9,Create,Deployment,false
3.922528915,Regular,7,Create,ConfigMap,false
3.9423616519999998,Regular,12,Update,Deployment,false
3.96238025,Regular,6,Delete,ConfigMap,false
3.982735531,Regular,6,Delete,Deployment,false
4.001883559,Regular,9,Create,Deployment,false
4.022616741,Regular,7,Create,ConfigMap,false
4.042561219,Regular,7,Update,Deployment,false
4.061938559,Regular,8,Delete,ConfigMap,false
4.081940534,Regular,7,Delete,Deployment,false
4.102436761,Regular,12,Create,Deployment,false
4.122456931,Regular,9,Create,ConfigMap,false
4.143086008,Regular,9,Update,Deployment,false
4.16334101,Regular,12,Delete,ConfigMap,false
4.183036389,Regular,7,Delete,Deployment,false
4.201634321,Regular,38,Create,Deployment,false
4.240367509,Regular,12,Create,ConfigMap,false
4.253191789,Regular,13,Update,Deployment,false
4.266497014,Regular,7,Delete,ConfigMap,false
4.282119383,Regular,4,Delete,Deployment,false
4.302309252,Regular,10,Create,Deployment,false
4.322082237,Regular,10,Create,ConfigMap,false
4.34179034,Regular,14,Update,Deployment,false
4.362078915,Regular,9,Delete,ConfigMap,false
4.381713429,Regular,7,Delete,Deployment,false
4.402563903,Regular,11,Create,Deployment,false
4.422028657,Regular,7,Create,ConfigMap,false
4.442182759,Regular,16,Update,Deployment,false
4.462724462,Regular,9,Delete,ConfigMap,false
4.483345664,Regular,4,Delete,Deployment,false
4.50196169,Regular,9,Create,Deployment,false
4.521740425,Regular,9,Create,ConfigMap,false
4.542067623,Regular,11,Update,Deployment,false
4.562953183,Regular,6,Delete,ConfigMap,false
4.582333308,Regular,6,Delete,Deployment,false
4.602184911,Regular,8,Create,Deployment,false
4.622250897,Regular,7,Create,ConfigMap,false
4.642269424,Regular,8,Update,Deployment,false
4.662405993,Regular,6,Delete,ConfigMap,false
4.681824761,Regular,4,Delete,Deployment,false
4.70234356,Regular,9,Create,Deployment,false
4.722031916,Regular,8,Create,ConfigMap,false
4.741734377,Regular,10,Update,Deployment,false
4.762464925,Regular,6,Delete,ConfigMap,false
4.782449468,Regular,6,Delete,Deployment,false
4.8022505859999995,Regular,10,Create,Deployment,false
4.822365254,Regular,9,Create,ConfigMap,false
4.842631147,Regular,10,Update,Deployment,false
4.862533144,Regular,5,Delete,ConfigMap,false
4.881872112,Regular,4,Delete,Deployment,false
4.9019123,Regular,5,Create,Deployment,false
4.922345979,Regular,6,Create,ConfigMap,false
4.942185037,Regular,8,Update,Deployment,false
4.962387922,Regular,6,Delete,ConfigMap,false
4.981836956,Regular,6,Delete,Deployment,false
4.002032329,Regular,6,Create,Deployment,false
4.022510812,Regular,8,Create,ConfigMap,false
4.042335524,Regular,8,Update,Deployment,false
4.062042044,Regular,8,Delete,ConfigMap,false
4.082089936,Regular,7,Delete,Deployment,false
4.102508526,Regular,12,Create,Deployment,false
4.122341404,Regular,9,Create,ConfigMap,false
4.142410696,Regular,21,Update,Deployment,false
4.164290378,Regular,18,Delete,ConfigMap,false
4.183272473,Regular,52,Delete,Deployment,false
4.235639717,Regular,10,Create,Deployment,false
4.245710491,Regular,11,Create,ConfigMap,false
4.256984561,Regular,11,Update,Deployment,false
4.268806423,Regular,7,Delete,ConfigMap,false
4.282467939,Regular,6,Delete,Deployment,false
4.302543644,Regular,10,Create,Deployment,false
4.321660593,Regular,10,Create,ConfigMap,false
4.342448499,Regular,12,Update,Deployment,false
4.361755176,Regular,9,Delete,ConfigMap,false
4.381626465,Regular,7,Delete,Deployment,false
4.402855021,Regular,11,Create,Deployment,false
4.421898131,Regular,7,Create,ConfigMap,false
4.441856405,Regular,16,Update,Deployment,false
4.462724812,Regular,8,Delete,ConfigMap,false
4.481689916,Regular,6,Delete,Deployment,false
4.501987779,Regular,10,Create,Deployment,false
4.52185987,Regular,8,Create,ConfigMap,false
4.542142504,Regular,10,Update,Deployment,false
4.562641045,Regular,4,Delete,ConfigMap,false
4.5822526759999995,Regular,6,Delete,Deployment,false
4.602108276,Regular,8,Create,Deployment,false
4.622083812,Regular,7,Create,ConfigMap,false
4.642191748,Regular,8,Update,Deployment,false
4.662598736,Regular,5,Delete,ConfigMap,false
4.681984953,Regular,5,Delete,Deployment,false
4.702498151,Regular,9,Create,Deployment,false
4.722458258,Regular,8,Create,ConfigMap,false
4.741598922,Regular,10,Update,Deployment,false
4.762535959,Regular,6,Delete,ConfigMap,false
4.782378154,Regular,6,Delete,Deployment,false
4.802248542,Regular,8,Create,Deployment,false
4.822546275,Regular,9,Create,ConfigMap,false
4.842566745,Regular,10,Update,Deployment,false
4.862343427,Regular,5,Delete,ConfigMap,false
4.882002848,Regular,5,Delete,Deployment,false
4.902090505,Regular,8,Create,Deployment,false
4.922242273,Regular,11,Create,ConfigMap,false
4.942386617,Regular,8,Update,Deployment,false
4.962420754,Regular,7,Delete,ConfigMap,false
4.981783275,Regular,6,Delete,Deployment,false
4.001710533,Regular,9,Create,Deployment,false
4.022679499,Regular,7,Create,ConfigMap,false
4.042495896,Regular,8,Update,Deployment,false
4.062450974,Regular,7,Delete,ConfigMap,false
4.081819306,Regular,7,Delete,Deployment,false
4.10239874,Regular,12,Create,Deployment,false
4.122457733,Regular,9,Create,ConfigMap,false
4.142647753,Regular,18,Update,Deployment,false
4.161589492,Regular,14,Delete,ConfigMap,false
4.182637267,Regular,52,Delete,Deployment,false
4.23470148,Regular,7,Create,Deployment,false
4.24247051,Regular,12,Create,ConfigMap,false
4.254832358,Regular,7,Update,Deployment,false
4.262658305,Regular,6,Delete,ConfigMap,false
4.282743959,Regular,4,Delete,Deployment,false
4.302581896,Regular,10,Create,Deployment,false
4.32166423,Regular,10,Create,ConfigMap,false
4.343036556,Regular,18,Update,Deployment,false
4.361913003,Regular,8,Delete,ConfigMap,false
4.38175664,Regular,7,Delete,Deployment,false
4.402710088,Regular,9,Create,Deployment,false
4.422101955,Regular,8,Create,ConfigMap,false
4.441871163,Regular,17,Update,Deployment,false
4.462791358,Regular,9,Delete,ConfigMap,false
4.481605176,Regular,6,Delete,Deployment,false
4.502458926,Regular,9,Create,Deployment,false
4.521761745,Regular,8,Create,ConfigMap,false
4.542121134,Regular,10,Update,Deployment,false
4.562520187,Regular,6,Delete,ConfigMap,false
4.582368825,Regular,6,Delete,Deployment,false
4.602188247,Regular,7,Create,Deployment,false
4.622202075,Regular,8,Create,ConfigMap,false
4.642285845,Regular,7,Update,Deployment,false
4.662484712,Regular,6,Delete,ConfigMap,false
4.682042561,Regular,6,Delete,Deployment,false
4.702351044,Regular,9,Create,Deployment,false
4.722170917,Regular,7,Create,ConfigMap,false
4.74170382,Regular,10,Update,Deployment,false
4.762681643,Regular,5,Delete,ConfigMap,false
4.782476559,Regular,6,Delete,Deployment,false
4.801908782,Regular,10,Create,Deployment,false
4.822801866,Regular,9,Create,ConfigMap,false
4.842463321,Regular,10,Update,Deployment,false
4.8624232880000005,Regular,6,Delete,ConfigMap,false
4.88180764,Regular,5,Delete,Deployment,false
4.901929562,Regular,8,Create,Deployment,false
4.922385583,Regular,11,Create,ConfigMap,false
4.9423272449999995,Regular,8,Update,Deployment,false
4.9624623119999995,Regular,6,Delete,ConfigMap,false
4.981773667,Regular,6,Delete,Deployment,false
4.001643897,Regular,9,Create,Deployment,false
4.022694397,Regular,7,Create,ConfigMap,false
4.04242358,Regular,6,Update,Deployment,false
4.062453088,Regular,6,Delete,ConfigMap,false
4.08213484,Regular,7,Delete,Deployment,false
4.102217949,Regular,12,Create,Deployment,false
4.122532694,Regular,9,Create,ConfigMap,false
4.14264631,Regular,18,Update,Deployment,false
4.162498744,Regular,13,Delete,ConfigMap,false
4.182393659,Regular,52,Delete,Deployment,false
4.234459083,Regular,12,Create,Deployment,false
4.24725506,Regular,9,Create,ConfigMap,false
4.257223291,Regular,11,Update,Deployment,false
4.268702327,Regular,7,Delete,ConfigMap,false
4.282814582,Regular,6,Delete,Deployment,false
4.303233012,Regular,9,Create,Deployment,false
4.321699166,Regular,10,Create,ConfigMap,false
4.342694222,Regular,19,Update,Deployment,false
4.362509646,Regular,8,Delete,ConfigMap,false
4.381952689,Regular,7,Delete,Deployment,false
4.4022629460000005,Regular,11,Create,Deployment,false
4.422030901,Regular,8,Create,ConfigMap,false
4.441745796,Regular,17,Update,Deployment,false
4.462361669,Regular,8,Delete,ConfigMap,false
4.48179302,Regular,4,Delete,Deployment,false
4.501742397,Regular,9,Create,Deployment,false
4.5218297629999995,Regular,8,Create,ConfigMap,false
4.542088453,Regular,10,Update,Deployment,false
4.562939898,Regular,5,Delete,ConfigMap,false
4.582369145,Regular,5,Delete,Deployment,false
4.602345433,Regular,8,Create,Deployment,false
4.622032776,Regular,8,Create,ConfigMap,false
4.642160609,Regular,8,Update,Deployment,false
4.662534846,Regular,6,Delete,ConfigMap,false
4.682330053,Regular,6,Delete,Deployment,false
4.702483494,Regular,9,Create,Deployment,false
4.722479448,Regular,8,Create,ConfigMap,false
4.741546674,Regular,10,Update,Deployment,false
4.762561257,Regular,6,Delete,ConfigMap,false
4.782412499,Regular,6,Delete,Deployment,false
4.8019341,Regular,10,Create,Deployment,false
4.822613912,Regular,9,Create,ConfigMap,false
4.842569501,Regular,8,Update,Deployment,false
4.862462041,Regular,5,Delete,ConfigMap,false
4.88203077,Regular,5,Delete,Deployment,false
4.902092319,Regular,9,Create,Deployment,false
4.922189784,Regular,9,Create,ConfigMap,false
4.942291438,Regular,8,Update,Deployment,false
4.962368455,Regular,6,Delete,ConfigMap,false
4.981608426,Regular,4,Delete,Deployment,false
4.001663775,Regular,9,Create,Deployment,false
4.022687334,Regular,8,Create,ConfigMap,false
4.042320125,Regular,8,Update,Deployment,false
4.062441336,Regular,7,Delete,ConfigMap,false
4.081923122,Regular,7,Delete,Deployment,false
4.102327866,Regular,12,Create,Deployment,false
4.122462361,Regular,6,Create,ConfigMap,false
4.142604121,Regular,21,Update,Deployment,false
4.163961809,Regular,17,Delete,ConfigMap,false
4.181435915,Regular,53,Delete,Deployment,false
4.235180121,Regular,12,Create,Deployment,false
4.247478009,Regular,9,Create,ConfigMap,false
4.256950647,Regular,10,Update,Deployment,false
4.267013447,Regular,5,Delete,ConfigMap,false
4.282900053,Regular,5,Delete,Deployment,false
4.302811639,Regular,7,Create,Deployment,false
4.322166987,Regular,10,Create,ConfigMap,false
4.342020503,Regular,13,Update,Deployment,false
4.3615939919999995,Regular,9,Delete,ConfigMap,false
4.381756159,Regular,7,Delete,Deployment,false
4.402704247,Regular,10,Create,Deployment,false
4.422050378,Regular,6,Create,ConfigMap,false
4.44221497,Regular,14,Update,Deployment,false
4.462950928,Regular,8,Delete,ConfigMap,false
4.482967912,Regular,4,Delete,Deployment,false
4.502140787,Regular,10,Create,Deployment,false
4.521807882,Regular,8,Create,ConfigMap,false
4.542072162,Regular,10,Update,Deployment,false
4.562647097,Regular,6,Delete,ConfigMap,false
4.582320223,Regular,5,Delete,Deployment,false
4.602266534,Regular,7,Create,Deployment,false
4.6222199790000005,Regular,8,Create,ConfigMap,false
4.6423095199999995,Regular,8,Update,Deployment,false
4.662445007,Regular,6,Delete,ConfigMap,false
4.682285609,Regular,6,Delete,Deployment,false
4.702388204,Regular,11,Create,Deployment,false
4.722348752,Regular,9,Create,ConfigMap,false
4.741745518,Regular,10,Update,Deployment,false
4.762677515,Regular,6,Delete,ConfigMap,false
4.782325866,Regular,6,Delete,Deployment,false
4.801959878,Regular,10,Create,Deployment,false
4.822617739,Regular,9,Create,ConfigMap,false
4.842581994,Regular,10,Update,Deployment,false
4.862533966,Regular,6,Delete,ConfigMap,false
4.882034127,Regular,5,Delete,Deployment,false
4.901890078,Regular,8,Create,Deployment,false
4.92241061,Regular,8,Create,ConfigMap,false
4.942344578,Regular,8,Update,Deployment,false
4.962263618,Regular,6,Delete,ConfigMap,false
4.981793775,Regular,6,Delete,Deployment,false
4.001727705,Regular,9,Create,Deployment,false
4.022975367,Regular,7,Create,ConfigMap,false
4.042736469,Regular,8,Update,Deployment,false
4.0625132409999996,Regular,7,Delete,ConfigMap,false
4.081958849,Regular,7,Delete,Deployment,false
4.102732468,Regular,12,Create,Deployment,false
4.122532123,Regular,9,Create,ConfigMap,false
4.142603199,Regular,16,Update,Deployment,false
4.164640497,Regular,10,Delete,ConfigMap,false
4.182800935,Regular,52,Delete,Deployment,false
4.235391419,Regular,11,Create,Deployment,false
4.247273634,Regular,7,Create,ConfigMap,false
4.254305166,Regular,11,Update,Deployment,false
4.265766759,Regular,5,Delete,ConfigMap,false
4.282693915,Regular,6,Delete,Deployment,false
4.303099962,Regular,10,Create,Deployment,false
4.321942013,Regular,10,Create,ConfigMap,false
4.342471412,Regular,19,Update,Deployment,false
4.362461956,Regular,8,Delete,ConfigMap,false
4.382067095,Regular,6,Delete,Deployment,false
4.402784438,Regular,11,Create,Deployment,false
4.422036382,Regular,8,Create,ConfigMap,false
4.442036915,Regular,16,Update,Deployment,false
4.463119045,Regular,9,Delete,ConfigMap,false
4.481842102,Regular,6,Delete,Deployment,false
4.501612983,Regular,10,Create,Deployment,false
4.52164765,Regular,9,Create,ConfigMap,false
4.541912201,Regular,10,Update,Deployment,false
4.562968752,Regular,6,Delete,ConfigMap,false
4.582142078,Regular,6,Delete,Deployment,false
4.601985706,Regular,7,Create,Deployment,false
4.622189882,Regular,8,Create,ConfigMap,false
4.642261189,Regular,8,Update,Deployment,false
4.662544715,Regular,6,Delete,ConfigMap,false
4.6823920690000005,Regular,6,Delete,Deployment,false
4.702281643,Regular,9,Create,Deployment,false
4.7223864330000005,Regular,7,Create,ConfigMap,false
4.741697167,Regular,10,Update,Deployment,false
4.762600611,Regular,6,Delete,ConfigMap,false
4.782292262,Regular,9,Delete,Deployment,false
4.801855452,Regular,10,Create,Deployment,false
4.822470572,Regular,9,Create,ConfigMap,false
4.842672134,Regular,10,Update,Deployment,false
4.862251875,Regular,6,Delete,ConfigMap,false
4.881792482,Regular,5,Delete,Deployment,false
4.901994935,Regular,9,Create,Deployment,false
4.922409368,Regular,9,Create,ConfigMap,false
4.942328247,Regular,8,Update,Deployment,false
4.96234977,Regular,6,Delete,ConfigMap,false
4.981714876,Regular,6,Delete,Deployment,false
4.001920628,Regular,9,Create,Deployment,false
4.022616922,Regular,7,Create,ConfigMap,false
4.042533707,Regular,8,Update,Deployment,false
4.062358019,Regular,7,Delete,ConfigMap,false
4.081873528,Regular,5,Delete,Deployment,false
4.102248086,Regular,12,Create,Deployment,false
4.122463233,Regular,9,Create,ConfigMap,false
4.142695282,Regular,20,Update,Deployment,false
4.162792848,Regular,16,Delete,ConfigMap,false
4.182956328,Regular,51,Delete,Deployment,false
4.234940089,Regular,7,Create,Deployment,false
4.242590776,Regular,11,Create,ConfigMap,false
4.253919269,Regular,11,Update,Deployment,false
4.264951654,Regular,6,Delete,ConfigMap,false
4.282895064,Regular,6,Delete,Deployment,false
4.302474534,Regular,11,Create,Deployment,false
4.321833729,Regular,10,Create,ConfigMap,false
4.342967817,Regular,19,Update,Deployment,false
4.36262314,Regular,8,Delete,ConfigMap,false
4.381601618,Regular,7,Delete,Deployment,false
4.402703526,Regular,11,Create,Deployment,false
4.422047452,Regular,8,Create,ConfigMap,false
4.442219248,Regular,15,Update,Deployment,false
4.463012574,Regular,9,Delete,ConfigMap,false
4.48299307,Regular,5,Delete,Deployment,false
4.501718943,Regular,10,Create,Deployment,false
4.521773978,Regular,8,Create,ConfigMap,false
4.541995938,Regular,11,Update,Deployment,false
4.562694716,Regular,5,Delete,ConfigMap,false
4.582320394,Regular,5,Delete,Deployment,false
4.602193086,Regular,8,Create,Deployment,false
4.622182999,Regular,8,Create,ConfigMap,false
4.642125223,Regular,8,Update,Deployment,false
4.662497806,Regular,6,Delete,ConfigMap,false
4.6820981459999995,Regular,6,Delete,Deployment,false
4.702488042,Regular,9,Create,Deployment,false
4.722303377,Regular,8,Create,ConfigMap,false
4.741741942,Regular,10,Update,Deployment,false
4.762666655,Regular,6,Delete,ConfigMap,false
4.782456452,Regular,5,Delete,Deployment,false
4.802347238,Regular,9,Create,Deployment,false
4.822356578,Regular,9,Create,ConfigMap,false
4.842495421,Regular,10,Update,Deployment,false
4.862478391,Regular,4,Delete,ConfigMap,false
4.8818257339999995,Regular,5,Delete,Deployment,false
4.902109972,Regular,8,Create,Deployment,false
4.922386054,Regular,11,Create,ConfigMap,false
4.942400213,Regular,8,Update,Deployment,false
4.962333229,Regular,6,Delete,ConfigMap,false
4.981816338,Regular,6,Delete,Deployment,false
4.001907444,Regular,9,Create,Deployment,false
4.022448244,Regular,8,Create,ConfigMap,false
4.042489153,Regular,9,Update,Deployment,false
4.062538819,Regular,7,Delete,ConfigMap,false
4.081696896,Regular,7,Delete,Deployment,false
4.102458131,Regular,12,Create,Deployment,false
4.122264599,Regular,10,Create,ConfigMap,false
4.142814918,Regular,8,Update,Deployment,false
4.162667622,Regular,13,Delete,ConfigMap,false
4.182849527,Regular,52,Delete,Deployment,false
4.235305377,Regular,12,Create,Deployment,false
4.247666394,Regular,11,Create,ConfigMap,false
4.25906053,Regular,9,Update,Deployment,false
4.268642304,Regular,7,Delete,ConfigMap,false
4.282629674,Regular,6,Delete,Deployment,false
4.303054867,Regular,10,Create,Deployment,false
4.321834992,Regular,10,Create,ConfigMap,false
4.342229016,Regular,19,Update,Deployment,false
4.361979949,Regular,9,Delete,ConfigMap,false
4.381530504,Regular,7,Delete,Deployment,false
4.402789778,Regular,11,Create,Deployment,false
4.42180184,Regular,8,Create,ConfigMap,false
4.442115603,Regular,16,Update,Deployment,false
4.462931321,Regular,9,Delete,ConfigMap,false
4.482070111,Regular,5,Delete,Deployment,false
4.501764759,Regular,10,Create,Deployment,false
4.52183338,Regular,8,Create,ConfigMap,false
4.542022939,Regular,9,Update,Deployment,false
4.562874815,Regular,5,Delete,ConfigMap,false
4.582370849,Regular,5,Delete,Deployment,false
4.602198857,Regular,8,Create,Deployment,false
4.622196925,Regular,8,Create,ConfigMap,false
4.6422309219999995,Regular,9,Update,Deployment,false
4.662565674,Regular,5,Delete,ConfigMap,false
4.68230233,Regular,6,Delete,Deployment,false
4.702488653,Regular,9,Create,Deployment,false
4.721680544,Regular,9,Create,ConfigMap,false
4.741824798,Regular,10,Update,Deployment,false
4.762544104,Regular,5,Delete,ConfigMap,false
4.78239724,Regular,7,Delete,Deployment,false
4.802044367,Regular,9,Create,Deployment,false
4.822547317,Regular,9,Create,ConfigMap,false
4.842626117,Regular,10,Update,Deployment,false
4.86268487,Regular,5,Delete,ConfigMap,false
4.881970176,Regular,5,Delete,Deployment,false
4.9020918380000005,Regular,8,Create,Deployment,false
4.922408727,Regular,9,Create,ConfigMap,false
4.942347123,Regular,8,Update,Deployment,false
4.962298784,Regular,6,Delete,ConfigMap,false
4.981669822,Regular,5,Delete,Deployment,false
5.002003412,Regular,5,Create,Deployment,false
4.001743355,Regular,9,Create,Deployment,false
4.022520811,Regular,8,Create,ConfigMap,false
4.042385658,Regular,7,Update,Deployment,false
4.062117215,Regular,8,Delete,ConfigMap,false
4.082221854,Regular,7,Delete,Deployment,false
4.102666895,Regular,12,Create,Deployment,false
4.122405414,Regular,9,Create,ConfigMap,false
4.142554818,Regular,16,Update,Deployment,false
4.162369601,Regular,16,Delete,ConfigMap,false
4.182230642,Regular,22,Delete,Deployment,false
4.204354864,Regular,36,Create,Deployment,false
4.24076074,Regular,13,Create,ConfigMap,false
4.253786539,Regular,10,Update,Deployment,false
4.263843237,Regular,6,Delete,ConfigMap,false
4.28254796,Regular,6,Delete,Deployment,false
4.302452502,Regular,10,Create,Deployment,false
4.32211558,Regular,10,Create,ConfigMap,false
4.341811139,Regular,21,Update,Deployment,false
4.363358635,Regular,6,Delete,ConfigMap,false
4.381951437,Regular,6,Delete,Deployment,false
4.403012207,Regular,10,Create,Deployment,false
4.421989694,Regular,6,Create,ConfigMap,false
4.441797845,Regular,17,Update,Deployment,false
4.462534905,Regular,8,Delete,ConfigMap,false
4.482051416,Regular,4,Delete,Deployment,false
4.501786259,Regular,10,Create,Deployment,false
4.521858387,Regular,6,Create,ConfigMap,false
4.5423369000000005,Regular,10,Update,Deployment,false
4.562624734,Regular,6,Delete,ConfigMap,false
4.582167746,Regular,6,Delete,Deployment,false
4.602132422,Regular,8,Create,Deployment,false
4.622072732,Regular,8,Create,ConfigMap,false
4.642120874,Regular,8,Update,Deployment,false
4.662604046,Regular,5,Delete,ConfigMap,false
4.681984392,Regular,5,Delete,Deployment,false
4.702645328,Regular,9,Create,Deployment,false
4.722359633,Regular,8,Create,ConfigMap,false
4.74157105,Regular,10,Update,Deployment,false
4.762494922,Regular,6,Delete,ConfigMap,false
4.78234959,Regular,6,Delete,Deployment,false
4.801914994,Regular,10,Create,Deployment,false
4.822356558,Regular,9,Create,ConfigMap,false
4.842477097,Regular,10,Update,Deployment,false
4.862280399,Regular,5,Delete,ConfigMap,false
4.882234734,Regular,5,Delete,Deployment,false
4.902102217,Regular,7,Create,Deployment,false
4.922345658,Regular,11,Create,ConfigMap,false
4.942379343,Regular,8,Update,Deployment,false
4.962414191,Regular,6,Delete,ConfigMap,false
4.9817932339999995,Regular,6,Delete,Deployment,false
5.001780171,Regular,8,Create,Deployment,false
4.001889059,Regular,9,Create,Deployment,false
4.022660985,Regular,7,Create,ConfigMap,false
4.042531032,Regular,7,Update,Deployment,false
4.062355674,Regular,8,Delete,ConfigMap,false
4.082136273,Regular,7,Delete,Deployment,false
4.10221848,Regular,12,Create,Deployment,false
4.122325193,Regular,9,Create,ConfigMap,false
4.142961223,Regular,18,Update,Deployment,false
4.162040601,Regular,16,Delete,ConfigMap,false
4.183013746,Regular,52,Delete,Deployment,false
4.235480547,Regular,9,Create,Deployment,false
4.245341065,Regular,8,Create,ConfigMap,false
4.253562086,Regular,8,Update,Deployment,false
4.261708537,Regular,8,Delete,ConfigMap,false
4.282431611,Regular,6,Delete,Deployment,false
4.302840292,Regular,10,Create,Deployment,false
4.321928748,Regular,10,Create,ConfigMap,false
4.342695203,Regular,18,Update,Deployment,false
4.361897303,Regular,9,Delete,ConfigMap,false
4.381696617,Regular,7,Delete,Deployment,false
4.4022667030000004,Regular,12,Create,Deployment,false
4.421802982,Regular,7,Create,ConfigMap,false
4.441998733,Regular,15,Update,Deployment,false
4.462443412,Regular,9,Delete,ConfigMap,false
4.483477993,Regular,6,Delete,Deployment,false
4.501541619,Regular,10,Create,Deployment,false
4.522067701,Regular,8,Create,ConfigMap,false
4.541902332,Regular,11,Update,Deployment,false
4.562876268,Regular,6,Delete,ConfigMap,false
4.582237918,Regular,5,Delete,Deployment,false
4.602186103,Regular,7,Create,Deployment,false
4.622127915,Regular,8,Create,ConfigMap,false
4.642333745,Regular,7,Update,Deployment,false
4.662535878,Regular,6,Delete,ConfigMap,false
4.682042291,Regular,6,Delete,Deployment,false
4.7022842879999995,Regular,10,Create,Deployment,false
4.72168902,Regular,8,Create,ConfigMap,false
4.741680897,Regular,10,Update,Deployment,false
4.762643582,Regular,6,Delete,ConfigMap,false
4.7822996159999995,Regular,5,Delete,Deployment,false
4.80204555,Regular,10,Create,Deployment,false
4.822804842,Regular,9,Create,ConfigMap,false
4.842613644,Regular,10,Update,Deployment,false
4.862359788,Regular,6,Delete,ConfigMap,false
4.881792472,Regular,5,Delete,Deployment,false
4.902045831,Regular,8,Create,Deployment,false
4.922229389,Regular,9,Create,ConfigMap,false
4.942251793,Regular,8,Update,Deployment,false
4.962528146,Regular,6,Delete,ConfigMap,false
4.9816880359999995,Regular,6,Delete,Deployment,false
5.001841377,Regular,8,Create,Deployment,false
5.002019753,Regular,8,Create,Deployment,false
5.022010247,Regular,6,Create,ConfigMap,false
5.042136507,Regular,8,Update,Deployment,false
5.062390928,Regular,6,Delete,ConfigMap,false
5.081802833,Regular,4,Delete,Deployment,false
5.102253183,Regular,7,Create,Deployment,false
5.121609413,Regular,5,Create,ConfigMap,false
5.142576366,Regular,10,Update,Deployment,false
5.162437146,Regular,6,Delete,ConfigMap,false
5.182280944,Regular,6,Delete,Deployment,false
5.202078946,Regular,12,Create,Deployment,false
5.222160832,Regular,8,Create,ConfigMap,false
5.242433858,Regular,13,Update,Deployment,false
5.262387824,Regular,7,Delete,ConfigMap,false
5.281661198,Regular,6,Delete,Deployment,false
5.302017791,Regular,9,Create,Deployment,false
5.322141476,Regular,9,Create,ConfigMap,false
5.342903043,Regular,10,Update,Deployment,false
5.361616532,Regular,6,Delete,ConfigMap,false
5.381904306,Regular,5,Delete,Deployment,false
5.402723361,Regular,7,Create,Deployment,false
5.422791341,Regular,7,Create,ConfigMap,false
5.441964737,Regular,12,Update,Deployment,false
5.462054478,Regular,6,Delete,ConfigMap,false
5.481806813,Regular,7,Delete,Deployment,false
5.501725793,Regular,7,Create,Deployment,false
5.521850771,Regular,7,Create,ConfigMap,false
5.542289098,Regular,9,Update,Deployment,false
5.561523739,Regular,6,Delete,ConfigMap,false
5.581815541,Regular,5,Delete,Deployment,false
5.601736654,Regular,12,Create,Deployment,false
5.62197757,Regular,8,Create,ConfigMap,false
5.642044228,Regular,11,Update,Deployment,false
5.662503204,Regular,4,Delete,ConfigMap,false
5.681872048,Regular,6,Delete,Deployment,false
5.701862362,Regular,8,Create,Deployment,false
5.724045074,Regular,15,Create,ConfigMap,false
5.742228155,Regular,15,Update,Deployment,false
5.761848312,Regular,5,Delete,ConfigMap,false
5.781855097,Regular,14,Delete,Deployment,false
5.802912109,Regular,17,Create,Deployment,false
5.822296542,Regular,14,Create,ConfigMap,false
5.842937672,Regular,10,Update,Deployment,false
5.862012792,Regular,9,Delete,ConfigMap,false
5.883462585,Regular,12,Delete,Deployment,false
5.90201435,Regular,13,Create,Deployment,false
5.922853993,Regular,8,Create,ConfigMap,false
5.942455294,Regular,12,Update,Deployment,false
5.9626436609999995,Regular,8,Delete,ConfigMap,false
5.982519008,Regular,6,Delete,Deployment,false
5.001987121,Regular,8,Create,Deployment,false
5.022065661,Regular,6,Create,ConfigMap,false
5.042014117,Regular,9,Update,Deployment,false
5.062614719,Regular,6,Delete,ConfigMap,false
5.081811099,Regular,5,Delete,Deployment,false
5.102252622,Regular,6,Create,Deployment,false
5.121553818,Regular,7,Create,ConfigMap,false
5.142770341,Regular,9,Update,Deployment,false
5.162368266,Regular,6,Delete,ConfigMap,false
5.182255767,Regular,7,Delete,Deployment,false
5.202136724,Regular,10,Create,Deployment,false
5.221744548,Regular,9,Create,ConfigMap,false
5.242443617,Regular,8,Update,Deployment,false
5.262165676,Regular,8,Delete,ConfigMap,false
5.281675695,Regular,6,Delete,Deployment,false
5.301972837,Regular,7,Create,Deployment,false
5.322305776,Regular,6,Create,ConfigMap,false
5.342944461,Regular,10,Update,Deployment,false
5.361935343,Regular,4,Delete,ConfigMap,false
5.381993885,Regular,5,Delete,Deployment,false
5.402534325,Regular,8,Create,Deployment,false
5.422283444,Regular,7,Create,ConfigMap,false
5.442132072,Regular,12,Update,Deployment,false
5.461658091,Regular,4,Delete,ConfigMap,false
5.482218398,Regular,7,Delete,Deployment,false
5.501832484,Regular,7,Create,Deployment,false
5.521778514,Regular,7,Create,ConfigMap,false
5.542192727,Regular,9,Update,Deployment,false
5.561664404,Regular,4,Delete,ConfigMap,false
5.581960784,Regular,5,Delete,Deployment,false
5.601876778,Regular,11,Create,Deployment,false
5.622148602,Regular,8,Create,ConfigMap,false
5.642192848,Regular,12,Update,Deployment,false
5.662650482,Regular,5,Delete,ConfigMap,false
5.681817205,Regular,6,Delete,Deployment,false
5.701873012,Regular,7,Create,Deployment,false
5.723811685,Regular,11,Create,ConfigMap,false
5.74215113,Regular,15,Update,Deployment,false
5.7618819850000005,Regular,5,Delete,ConfigMap,false
5.781886486,Regular,13,Delete,Deployment,false
5.803376654,Regular,20,Create,Deployment,false
5.823747865,Regular,14,Create,ConfigMap,false
5.84356863,Regular,23,Update,Deployment,false
5.866644194,Regular,14,Delete,ConfigMap,false
5.883142632,Regular,13,Delete,Deployment,false
5.901755322,Regular,13,Create,Deployment,false
5.922258632,Regular,8,Create,ConfigMap,false
5.9427171770000005,Regular,12,Update,Deployment,false
5.962817188,Regular,6,Delete,ConfigMap,false
5.982501656,Regular,6,Delete,Deployment,false
5.021916991,Regular,5,Create,ConfigMap,false
5.042131818,Regular,8,Update,Deployment,false
5.062477852,Regular,7,Delete,ConfigMap,false
5.081642581,Regular,5,Delete,Deployment,false
5.102139299,Regular,8,Create,Deployment,false
5.121613851,Regular,7,Create,ConfigMap,false
5.142770141,Regular,9,Update,Deployment,false
5.162390618,Regular,6,Delete,ConfigMap,false
5.182240288,Regular,6,Delete,Deployment,false
5.201928552,Regular,12,Create,Deployment,false
5.222560495,Regular,8,Create,ConfigMap,false
5.242739784,Regular,10,Update,Deployment,false
5.261854309,Regular,6,Delete,ConfigMap,false
5.282038368,Regular,6,Delete,Deployment,false
5.301787367,Regular,10,Create,Deployment,false
5.322133381,Regular,9,Create,ConfigMap,false
5.3430769399999996,Regular,9,Update,Deployment,false
5.362027196,Regular,6,Delete,ConfigMap,false
5.38224064,Regular,5,Delete,Deployment,false
5.4024883280000005,Regular,9,Create,Deployment,false
5.422470577,Regular,8,Create,ConfigMap,false
5.442137191,Regular,12,Update,Deployment,false
5.462140089,Regular,6,Delete,ConfigMap,false
5.481899859,Regular,6,Delete,Deployment,false
5.5020837270000005,Regular,7,Create,Deployment,false
5.522077327,Regular,7,Create,ConfigMap,false
5.542153813,Regular,9,Update,Deployment,false
5.561497189,Regular,5,Delete,ConfigMap,false
5.581785043,Regular,6,Delete,Deployment,false
5.6016867900000005,Regular,12,Create,Deployment,false
5.621963093,Regular,7,Create,ConfigMap,false
5.642019501,Regular,11,Update,Deployment,false
5.662363501,Regular,6,Delete,ConfigMap,false
5.681588844,Regular,5,Delete,Deployment,false
5.70187219,Regular,8,Create,Deployment,false
5.721958365,Regular,13,Create,ConfigMap,false
5.742169534,Regular,14,Update,Deployment,false
5.761856337,Regular,5,Delete,ConfigMap,false
5.782412086,Regular,16,Delete,Deployment,false
5.804104134,Regular,20,Create,Deployment,false
5.824259659,Regular,14,Create,ConfigMap,false
5.8423663260000005,Regular,26,Update,Deployment,false
5.868381235,Regular,15,Delete,ConfigMap,false
5.884040112,Regular,16,Delete,Deployment,false
5.901595601,Regular,12,Create,Deployment,false
5.922689293,Regular,7,Create,ConfigMap,false
5.942708391,Regular,12,Update,Deployment,false
5.963083469,Regular,8,Delete,ConfigMap,false
5.982545268,Regular,6,Delete,Deployment,false
5.022002392,Regular,6,Create,ConfigMap,false
5.042100339,Regular,8,Update,Deployment,false
5.062488832,Regular,6,Delete,ConfigMap,false
5.081807061,Regular,5,Delete,Deployment,false
5.102520196,Regular,8,Create,Deployment,false
5.121694243,Regular,7,Create,ConfigMap,false
5.142526913,Regular,10,Update,Deployment,false
5.1623807,Regular,6,Delete,ConfigMap,false
5.182244145,Regular,6,Delete,Deployment,false
5.202305112,Regular,11,Create,Deployment,false
5.222872923,Regular,7,Create,ConfigMap,false
5.242361362,Regular,10,Update,Deployment,false
5.262099461,Regular,8,Delete,ConfigMap,false
5.281617065,Regular,6,Delete,Deployment,false
5.302052777,Regular,8,Create,Deployment,false
5.322182454,Regular,9,Create,ConfigMap,false
5.343171208,Regular,10,Update,Deployment,false
5.361935804,Regular,5,Delete,ConfigMap,false
5.381873699,Regular,6,Delete,Deployment,false
5.402274726,Regular,8,Create,Deployment,false
5.422658851,Regular,8,Create,ConfigMap,false
5.442134566,Regular,12,Update,Deployment,false
5.46180062,Regular,6,Delete,ConfigMap,false
5.481899147,Regular,7,Delete,Deployment,false
5.501921802,Regular,7,Create,Deployment,false
5.521901777,Regular,8,Create,ConfigMap,false
5.54227408,Regular,8,Update,Deployment,false
5.5616614779999995,Regular,5,Delete,ConfigMap,false
5.581926009,Regular,6,Delete,Deployment,false
5.601677844,Regular,12,Create,Deployment,false
5.622130057,Regular,8,Create,ConfigMap,false
5.641983403,Regular,12,Update,Deployment,false
5.662582994,Regular,5,Delete,ConfigMap,false
5.681589846,Regular,6,Delete,Deployment,false
5.701972138,Regular,7,Create,Deployment,false
5.724253977,Regular,11,Create,ConfigMap,false
5.742360183,Regular,15,Update,Deployment,false
5.761732133,Regular,5,Delete,ConfigMap,false
5.781812667,Regular,15,Delete,Deployment,false
5.803288578,Regular,22,Create,Deployment,false
5.825541613,Regular,12,Create,ConfigMap,false
5.843472449,Regular,21,Update,Deployment,false
5.864764925,Regular,11,Delete,ConfigMap,false
5.8831695029999995,Regular,10,Delete,Deployment,false
5.90204642,Regular,13,Create,Deployment,false
5.921807482,Regular,8,Create,ConfigMap,false
5.942471274,Regular,11,Update,Deployment,false
5.962859027,Regular,8,Delete,ConfigMap,false
5.982503048,Regular,6,Delete,Deployment,false
5.001945172,Regular,8,Create,Deployment,false
5.022041265,Regular,6,Create,ConfigMap,false
5.04203701,Regular,9,Update,Deployment,false
5.062462914,Regular,5,Delete,ConfigMap,false
5.08171622,Regular,5,Delete,Deployment,false
5.10267655,Regular,7,Create,Deployment,false
5.121644188,Regular,7,Create,ConfigMap,false
5.142283264,Regular,10,Update,Deployment,false
5.162371021,Regular,6,Delete,ConfigMap,false
5.182305911,Regular,7,Delete,Deployment,false
5.202363942,Regular,10,Create,Deployment,false
5.222354086,Regular,10,Create,ConfigMap,false
5.2425571,Regular,12,Update,Deployment,false
5.26225275,Regular,6,Delete,ConfigMap,false
5.28177371,Regular,6,Delete,Deployment,false
5.302038961,Regular,9,Create,Deployment,false
5.32212761,Regular,9,Create,ConfigMap,false
5.34318805,Regular,10,Update,Deployment,false
5.36151955,Regular,6,Delete,ConfigMap,false
5.381993885,Regular,5,Delete,Deployment,false
5.402476276,Regular,8,Create,Deployment,false
5.422584161,Regular,6,Create,ConfigMap,false
5.442048514,Regular,12,Update,Deployment,false
5.461818052,Regular,6,Delete,ConfigMap,false
5.481957668,Regular,7,Delete,Deployment,false
5.501648928,Regular,7,Create,Deployment,false
5.521811436,Regular,8,Create,ConfigMap,false
5.542301512,Regular,8,Update,Deployment,false
5.561631362,Regular,8,Delete,ConfigMap,false
5.581745609,Regular,6,Delete,Deployment,false
5.6018644349999995,Regular,11,Create,Deployment,false
5.622105371,Regular,7,Create,ConfigMap,false
5.642098049,Regular,12,Update,Deployment,false
5.662319568,Regular,5,Delete,ConfigMap,false
5.681760117,Regular,6,Delete,Deployment,false
5.701968782,Regular,7,Create,Deployment,false
5.723982637,Regular,10,Create,ConfigMap,false
5.742314728,Regular,14,Update,Deployment,false
5.761914436,Regular,5,Delete,ConfigMap,false
5.781998146,Regular,16,Delete,Deployment,false
5.803654147,Regular,21,Create,Deployment,false
5.824981809,Regular,13,Create,ConfigMap,false
5.84355274,Regular,24,Update,Deployment,false
5.867923433,Regular,16,Delete,ConfigMap,false
5.884606789,Regular,11,Delete,Deployment,false
5.902160024,Regular,13,Create,Deployment,false
5.922566361,Regular,7,Create,ConfigMap,false
5.942301445,Regular,13,Update,Deployment,false
5.96292957,Regular,8,Delete,ConfigMap,false
5.982384245,Regular,5,Delete,Deployment,false
5.00186408,Regular,8,Create,Deployment,false
5.022003003,Regular,6,Create,ConfigMap,false
5.042083798,Regular,8,Update,Deployment,false
5.062446933,Regular,6,Delete,ConfigMap,false
5.081664262,Regular,4,Delete,Deployment,false
5.102255157,Regular,8,Create,Deployment,false
5.121463448,Regular,7,Create,ConfigMap,false
5.142756986,Regular,9,Update,Deployment,false
5.162212112,Regular,5,Delete,ConfigMap,false
5.182165196,Regular,6,Delete,Deployment,false
5.202307366,Regular,11,Create,Deployment,false
5.22198957,Regular,9,Create,ConfigMap,false
5.242346283,Regular,12,Update,Deployment,false
5.262269621,Regular,6,Delete,ConfigMap,false
5.282025764,Regular,6,Delete,Deployment,false
5.301966675,Regular,9,Create,Deployment,false
5.322162436,Regular,10,Create,ConfigMap,false
5.342887093,Regular,10,Update,Deployment,false
5.361690311,Regular,6,Delete,ConfigMap,false
5.382000127,Regular,5,Delete,Deployment,false
5.402320663,Regular,7,Create,Deployment,false
5.422581145,Regular,8,Create,ConfigMap,false
5.442193237,Regular,12,Update,Deployment,false
5.461864039,Regular,6,Delete,ConfigMap,false
5.482034913,Regular,7,Delete,Deployment,false
5.50184613,Regular,7,Create,Deployment,false
5.521790086,Regular,7,Create,ConfigMap,false
5.542166407,Regular,9,Update,Deployment,false
5.561568193,Regular,9,Delete,ConfigMap,false
5.581905891,Regular,5,Delete,Deployment,false
5.601912145,Regular,8,Create,Deployment,false
5.622112144,Regular,8,Create,ConfigMap,false
5.642055529,Regular,12,Update,Deployment,false
5.662551736,Regular,5,Delete,ConfigMap,false
5.681821663,Regular,6,Delete,Deployment,false
5.70174965,Regular,9,Create,Deployment,false
5.723979531,Regular,11,Create,ConfigMap,false
5.742518682,Regular,14,Update,Deployment,false
5.761794741,Regular,5,Delete,ConfigMap,false
5.782000501,Regular,13,Delete,Deployment,false
5.803478917,Regular,21,Create,Deployment,false
5.824751605,Regular,12,Create,ConfigMap,false
5.843393149,Regular,20,Update,Deployment,false
5.864396772,Regular,10,Delete,ConfigMap,false
5.883456724,Regular,10,Delete,Deployment,false
5.901965017,Regular,13,Create,Deployment,false
5.922667622,Regular,7,Create,ConfigMap,false
5.942775477,Regular,12,Update,Deployment,false
5.962751845,Regular,9,Delete,ConfigMap,false
5.982576707,Regular,6,Delete,Deployment,false
6.002923172,Regular,8,Create,Deployment,false
5.001780071,Regular,8,Create,Deployment,false
5.021861667,Regular,5,Create,ConfigMap,false
5.04198917,Regular,9,Update,Deployment,false
5.062554616,Regular,6,Delete,ConfigMap,false
5.081873546,Regular,5,Delete,Deployment,false
5.102062474,Regular,8,Create,Deployment,false
5.121537247,Regular,7,Create,ConfigMap,false
5.142746757,Regular,9,Update,Deployment,false
5.162371492,Regular,6,Delete,ConfigMap,false
5.182127726,Regular,7,Delete,Deployment,false
5.201875853,Regular,11,Create,Deployment,false
5.221572935,Regular,9,Create,ConfigMap,false
5.2423248430000005,Regular,13,Update,Deployment,false
5.262105582,Regular,8,Delete,ConfigMap,false
5.281828272,Regular,6,Delete,Deployment,false
5.301914086,Regular,9,Create,Deployment,false
5.322451881,Regular,9,Create,ConfigMap,false
5.342357145,Regular,11,Update,Deployment,false
5.361746076,Regular,6,Delete,ConfigMap,false
5.381839234,Regular,6,Delete,Deployment,false
5.402718922,Regular,7,Create,Deployment,false
5.42216451,Regular,8,Create,ConfigMap,false
5.442374668,Regular,11,Update,Deployment,false
5.462058706,Regular,6,Delete,ConfigMap,false
5.481615153,Regular,7,Delete,Deployment,false
5.501703631,Regular,7,Create,Deployment,false
5.521828809,Regular,8,Create,ConfigMap,false
5.542239605,Regular,8,Update,Deployment,false
5.56171522,Regular,8,Delete,ConfigMap,false
5.581902765,Regular,6,Delete,Deployment,false
5.601819029,Regular,11,Create,Deployment,false
5.621927386,Regular,9,Create,ConfigMap,false
5.642179613,Regular,11,Update,Deployment,false
5.662487575,Regular,5,Delete,ConfigMap,false
5.681805242,Regular,6,Delete,Deployment,false
5.701632279,Regular,9,Create,Deployment,false
5.722638385,Regular,12,Create,ConfigMap,false
5.742864353,Regular,14,Update,Deployment,false
5.761855365,Regular,4,Delete,ConfigMap,false
5.781998617,Regular,15,Delete,Deployment,false
5.802117353,Regular,23,Create,Deployment,false
5.825478083,Regular,12,Create,ConfigMap,false
5.842780025,Regular,18,Update,Deployment,false
5.863293624,Regular,12,Delete,ConfigMap,false
5.881640774,Regular,11,Delete,Deployment,false
5.902119768,Regular,13,Create,Deployment,false
5.921968936,Regular,6,Create,ConfigMap,false
5.94270257,Regular,11,Update,Deployment,false
5.962178074,Regular,9,Delete,ConfigMap,false
5.982580755,Regular,6,Delete,Deployment,false
6.002838793,Regular,8,Create,Deployment,false
5.021961876,Regular,6,Create,ConfigMap,false
5.04218069,Regular,8,Update,Deployment,false
5.062531393,Regular,6,Delete,ConfigMap,false
5.082079314,Regular,3,Delete,Deployment,false
5.102687571,Regular,8,Create,Deployment,false
5.121520405,Regular,6,Create,ConfigMap,false
5.142227679,Regular,9,Update,Deployment,false
5.162232921,Regular,6,Delete,ConfigMap,false
5.18206654,Regular,5,Delete,Deployment,false
5.202472447,Regular,10,Create,Deployment,false
5.222649482,Regular,10,Create,ConfigMap,false
5.242563402,Regular,13,Update,Deployment,false
5.262163441,Regular,6,Delete,ConfigMap,false
5.282085266,Regular,6,Delete,Deployment,false
5.3017227160000004,Regular,8,Create,Deployment,false
5.322451881,Regular,9,Create,ConfigMap,false
5.34262001,Regular,11,Update,Deployment,false
5.361872164,Regular,6,Delete,ConfigMap,false
5.382215152,Regular,5,Delete,Deployment,false
5.402297799,Regular,8,Create,Deployment,false
5.422584722,Regular,8,Create,ConfigMap,false
5.442170614,Regular,11,Update,Deployment,false
5.461703978,Regular,6,Delete,ConfigMap,false
5.481839966,Regular,5,Delete,Deployment,false
5.5020854,Regular,7,Create,Deployment,false
5.521901777,Regular,7,Create,ConfigMap,false
5.542328252,Regular,8,Update,Deployment,false
5.561776204,Regular,3,Delete,ConfigMap,false
5.581959822,Regular,5,Delete,Deployment,false
5.601924979,Regular,11,Create,Deployment,false
5.622373015,Regular,6,Create,ConfigMap,false
5.642190634,Regular,12,Update,Deployment,false
5.6623734,Regular,6,Delete,ConfigMap,false
5.68176174,Regular,6,Delete,Deployment,false
5.701891947,Regular,8,Create,Deployment,false
5.723138738,Regular,13,Create,ConfigMap,false
5.741913272,Regular,15,Update,Deployment,false
5.761826811,Regular,5,Delete,ConfigMap,false
5.782373764,Regular,13,Delete,Deployment,false
5.804154519,Regular,19,Create,Deployment,false
5.824145434,Regular,13,Create,ConfigMap,false
5.842816373,Regular,23,Update,Deployment,false
5.865929318,Regular,10,Delete,ConfigMap,false
5.88352913,Regular,12,Delete,Deployment,false
5.90229043,Regular,13,Create,Deployment,false
5.92181723,Regular,8,Create,ConfigMap,false
5.942723369,Regular,12,Update,Deployment,false
5.963077057,Regular,10,Delete,ConfigMap,false
5.982481147,Regular,5,Delete,Deployment,false
6.002645239,Regular,8,Create,Deployment,false
5.0020181,Regular,8,Create,Deployment,false
5.022065912,Regular,6,Create,ConfigMap,false
5.042113564,Regular,7,Update,Deployment,false
5.062398923,Regular,7,Delete,ConfigMap,false
5.081635408,Regular,5,Delete,Deployment,false
5.102326311,Regular,7,Create,Deployment,false
5.121648577,Regular,7,Create,ConfigMap,false
5.142556228,Regular,8,Update,Deployment,false
5.162254161,Regular,6,Delete,ConfigMap,false
5.182197757,Regular,7,Delete,Deployment,false
5.202306264,Regular,9,Create,Deployment,false
5.2221599,Regular,8,Create,ConfigMap,false
5.24251424,Regular,10,Update,Deployment,false
5.26181224,Regular,8,Delete,ConfigMap,false
5.281773028,Regular,6,Delete,Deployment,false
5.301711555,Regular,9,Create,Deployment,false
5.322198624,Regular,10,Create,ConfigMap,false
5.343229157,Regular,9,Update,Deployment,false
5.362086588,Regular,6,Delete,ConfigMap,false
5.381995548,Regular,5,Delete,Deployment,false
5.402491534,Regular,7,Create,Deployment,false
5.422518798,Regular,8,Create,ConfigMap,false
5.441996246,Regular,11,Update,Deployment,false
5.461821649,Regular,6,Delete,ConfigMap,false
5.481838874,Regular,7,Delete,Deployment,false
5.501846029,Regular,7,Create,Deployment,false
5.521724102,Regular,8,Create,ConfigMap,false
5.542142743,Regular,9,Update,Deployment,false
5.561494704,Regular,6,Delete,ConfigMap,false
5.581962818,Regular,6,Delete,Deployment,false
5.60190963,Regular,11,Create,Deployment,false
5.6220728399999995,Regular,8,Create,ConfigMap,false
5.642144477,Regular,11,Update,Deployment,false
5.662604375,Regular,5,Delete,ConfigMap,false
5.681805352,Regular,4,Delete,Deployment,false
5.701969203,Regular,8,Create,Deployment,false
5.72238576,Regular,13,Create,ConfigMap,false
5.742404647,Regular,14,Update,Deployment,false
5.761971354,Regular,5,Delete,ConfigMap,false
5.781904951,Regular,15,Delete,Deployment,false
5.802493892,Regular,15,Create,Deployment,false
5.821719486,Regular,16,Create,ConfigMap,false
5.842593594,Regular,11,Update,Deployment,false
5.861667432,Regular,14,Delete,ConfigMap,false
5.883259132,Regular,13,Delete,Deployment,false
5.901575724,Regular,13,Create,Deployment,false
5.922495698,Regular,6,Create,ConfigMap,false
5.942453551,Regular,13,Update,Deployment,false
5.962339919,Regular,8,Delete,ConfigMap,false
5.982340232,Regular,4,Delete,Deployment,false
6.002839043,Regular,8,Create,Deployment,false
5.001838181,Regular,8,Create,Deployment,false
5.02188961,Regular,6,Create,ConfigMap,false
5.042160753,Regular,8,Update,Deployment,false
5.062550348,Regular,6,Delete,ConfigMap,false
5.081886731,Regular,4,Delete,Deployment,false
5.102702259,Regular,7,Create,Deployment,false
5.121588664,Regular,7,Create,ConfigMap,false
5.142195298,Regular,10,Update,Deployment,false
5.162204368,Regular,6,Delete,ConfigMap,false
5.182243684,Regular,7,Delete,Deployment,false
5.202454683,Regular,10,Create,Deployment,false
5.222016641,Regular,11,Create,ConfigMap,false
5.242638804,Regular,10,Update,Deployment,false
5.26257178,Regular,7,Delete,ConfigMap,false
5.282106566,Regular,6,Delete,Deployment,false
5.301765196,Regular,10,Create,Deployment,false
5.322304794,Regular,9,Create,ConfigMap,false
5.342845945,Regular,11,Update,Deployment,false
5.361828471,Regular,6,Delete,ConfigMap,false
5.382096438,Regular,5,Delete,Deployment,false
5.402725535,Regular,7,Create,Deployment,false
5.422283494,Regular,8,Create,ConfigMap,false
5.442132482,Regular,12,Update,Deployment,false
5.461755334,Regular,6,Delete,ConfigMap,false
5.481824587,Regular,7,Delete,Deployment,false
5.501924317,Regular,7,Create,Deployment,false
5.521844318,Regular,7,Create,ConfigMap,false
5.542221521,Regular,9,Update,Deployment,false
5.5617153,Regular,5,Delete,ConfigMap,false
5.581867589,Regular,5,Delete,Deployment,false
5.601952401,Regular,11,Create,Deployment,false
5.622383575,Regular,8,Create,ConfigMap,false
5.642111565,Regular,12,Update,Deployment,false
5.662488166,Regular,5,Delete,ConfigMap,false
5.681763774,Regular,6,Delete,Deployment,false
5.701777422,Regular,7,Create,Deployment,false
5.722639528,Regular,11,Create,ConfigMap,false
5.742030733,Regular,14,Update,Deployment,false
5.761977966,Regular,5,Delete,ConfigMap,false
5.782114555,Regular,14,Delete,Deployment,false
5.803735019,Regular,20,Create,Deployment,false
5.824476107,Regular,13,Create,ConfigMap,false
5.843150002,Regular,20,Update,Deployment,false
5.864095564,Regular,13,Delete,ConfigMap,false
5.882555567,Regular,14,Delete,Deployment,false
5.902151909,Regular,12,Create,Deployment,false
5.922516307,Regular,7,Create,ConfigMap,false
5.942703932,Regular,12,Update,Deployment,false
5.963226298,Regular,9,Delete,ConfigMap,false
5.982503319,Regular,6,Delete,Deployment,false
6.002549699,Regular,9,Create,Deployment,false
6.021803876,Regular,9,Create,ConfigMap,false
6.041914246,Regular,8,Update,Deployment,false
6.062325823,Regular,6,Delete,ConfigMap,false
6.082252117,Regular,7,Delete,Deployment,false
6.102211342,Regular,7,Create,Deployment,false
6.122133327,Regular,7,Create,ConfigMap,false
6.141640261,Regular,8,Update,Deployment,false
6.16241375,Regular,7,Delete,ConfigMap,false
6.182263058,Regular,7,Delete,Deployment,false
6.201996338,Regular,9,Create,Deployment,false
6.221859222,Regular,7,Create,ConfigMap,false
6.242638572,Regular,10,Update,Deployment,false
6.262445611,Regular,9,Delete,ConfigMap,false
6.283031636,Regular,5,Delete,Deployment,false
6.302439093,Regular,8,Create,Deployment,false
6.32213371,Regular,8,Create,ConfigMap,false
6.342200077,Regular,10,Update,Deployment,false
6.361960548,Regular,8,Delete,ConfigMap,false
6.382510255,Regular,6,Delete,Deployment,false
6.402892688,Regular,17,Create,Deployment,false
6.421711225,Regular,24,Create,ConfigMap,false
6.445864428,Regular,12,Update,Deployment,false
6.461479042,Regular,12,Delete,ConfigMap,false
6.481577079,Regular,7,Delete,Deployment,false
6.502580551,Regular,11,Create,Deployment,false
6.521992966,Regular,8,Create,ConfigMap,false
6.542304114,Regular,12,Update,Deployment,false
6.562313494,Regular,10,Delete,ConfigMap,false
6.582692991,Regular,7,Delete,Deployment,false
6.601736933,Regular,7,Create,Deployment,false
6.621945157,Regular,8,Create,ConfigMap,false
6.6416959,Regular,11,Update,Deployment,false
6.661644665,Regular,5,Delete,ConfigMap,false
6.6825210980000005,Regular,5,Delete,Deployment,false
6.702101841,Regular,7,Create,Deployment,false
6.721583827,Regular,5,Create,ConfigMap,false
6.742235707,Regular,8,Update,Deployment,false
6.76254943,Regular,7,Delete,ConfigMap,false
6.781999847,Regular,7,Delete,Deployment,false
6.802113634,Regular,9,Create,Deployment,false
6.821921033,Regular,9,Create,ConfigMap,false
6.842185002,Regular,11,Update,Deployment,false
6.862250568,Regular,5,Delete,ConfigMap,false
6.882451168,Regular,6,Delete,Deployment,false
6.902588018,Regular,8,Create,Deployment,false
6.922163931,Regular,8,Create,ConfigMap,false
6.942721313,Regular,9,Update,Deployment,false
6.962304991,Regular,6,Delete,ConfigMap,false
6.981971455,Regular,8,Delete,Deployment,false
6.002737562,Regular,8,Create,Deployment,false
6.021872255,Regular,9,Create,ConfigMap,false
6.04196405,Regular,9,Update,Deployment,false
6.06234003,Regular,5,Delete,ConfigMap,false
6.082358257,Regular,8,Delete,Deployment,false
6.101947756,Regular,8,Create,Deployment,false
6.12223541,Regular,7,Create,ConfigMap,false
6.141601779,Regular,8,Update,Deployment,false
6.162348928,Regular,7,Delete,ConfigMap,false
6.182092607,Regular,7,Delete,Deployment,false
6.202084855,Regular,9,Create,Deployment,false
6.222224019,Regular,8,Create,ConfigMap,false
6.242684759,Regular,10,Update,Deployment,false
6.262563102,Regular,9,Delete,ConfigMap,false
6.2828723459999996,Regular,4,Delete,Deployment,false
6.302255577,Regular,8,Create,Deployment,false
6.322260278,Regular,7,Create,ConfigMap,false
6.342193585,Regular,9,Update,Deployment,false
6.362160494,Regular,7,Delete,ConfigMap,false
6.382327952,Regular,7,Delete,Deployment,false
6.40464634,Regular,14,Create,Deployment,false
6.422214963,Regular,28,Create,ConfigMap,false
6.450751631,Regular,11,Update,Deployment,false
6.462569165,Regular,16,Delete,ConfigMap,false
6.482063074,Regular,7,Delete,Deployment,false
6.50250602,Regular,11,Create,Deployment,false
6.521710154,Regular,9,Create,ConfigMap,false
6.5418718,Regular,12,Update,Deployment,false
6.562256797,Regular,10,Delete,ConfigMap,false
6.582990701,Regular,6,Delete,Deployment,false
6.60176205,Regular,7,Create,Deployment,false
6.622242948,Regular,8,Create,ConfigMap,false
6.641659,Regular,11,Update,Deployment,false
6.661612024,Regular,5,Delete,ConfigMap,false
6.682544773,Regular,5,Delete,Deployment,false
6.701924947,Regular,7,Create,Deployment,false
6.721551286,Regular,6,Create,ConfigMap,false
6.742371412,Regular,8,Update,Deployment,false
6.762548037,Regular,4,Delete,ConfigMap,false
6.782165028,Regular,7,Delete,Deployment,false
6.802029155,Regular,9,Create,Deployment,false
6.821917356,Regular,10,Create,ConfigMap,false
6.842256317,Regular,11,Update,Deployment,false
6.862368099,Regular,5,Delete,ConfigMap,false
6.882408658,Regular,6,Delete,Deployment,false
6.902792583,Regular,7,Create,Deployment,false
6.922220938,Regular,7,Create,ConfigMap,false
6.942714059,Regular,8,Update,Deployment,false
6.962466104,Regular,6,Delete,ConfigMap,false
6.981954563,Regular,7,Delete,Deployment,false
6.002839224,Regular,8,Create,Deployment,false
6.021901059,Regular,9,Create,ConfigMap,false
6.041961165,Regular,9,Update,Deployment,false
6.062479402,Regular,5,Delete,ConfigMap,false
6.082351203,Regular,7,Delete,Deployment,false
6.101904394,Regular,8,Create,Deployment,false
6.122178032,Regular,7,Create,ConfigMap,false
6.141562585,Regular,8,Update,Deployment,false
6.162529107,Regular,7,Delete,ConfigMap,false
6.182263699,Regular,9,Delete,Deployment,false
6.201880179,Regular,9,Create,Deployment,false
6.22228851,Regular,8,Create,ConfigMap,false
6.242631138,Regular,10,Update,Deployment,false
6.262508158,Regular,9,Delete,ConfigMap,false
6.2830322370000005,Regular,4,Delete,Deployment,false
6.302439373,Regular,7,Create,Deployment,false
6.322084647,Regular,8,Create,ConfigMap,false
6.342200057,Regular,9,Update,Deployment,false
6.362076276,Regular,7,Delete,ConfigMap,false
6.382496529,Regular,7,Delete,Deployment,false
6.403795197,Regular,15,Create,Deployment,false
6.421380392,Regular,25,Create,ConfigMap,false
6.446411358,Regular,17,Update,Deployment,false
6.464224903,Regular,14,Delete,ConfigMap,false
6.481734676,Regular,7,Delete,Deployment,false
6.502353012,Regular,11,Create,Deployment,false
6.522322627,Regular,8,Create,ConfigMap,false
6.542175362,Regular,12,Update,Deployment,false
6.561761875,Regular,11,Delete,ConfigMap,false
6.582774625,Regular,7,Delete,Deployment,false
6.601689082,Regular,7,Create,Deployment,false
6.621810373,Regular,8,Create,ConfigMap,false
6.641976007,Regular,11,Update,Deployment,false
6.661712994,Regular,4,Delete,ConfigMap,false
6.682413876,Regular,5,Delete,Deployment,false
6.702167504,Regular,7,Create,Deployment,false
6.721515038,Regular,6,Create,ConfigMap,false
6.7423245640000005,Regular,8,Update,Deployment,false
6.762428342,Regular,7,Delete,ConfigMap,false
6.78215027,Regular,7,Delete,Deployment,false
6.801908197,Regular,9,Create,Deployment,false
6.821708994,Regular,9,Create,ConfigMap,false
6.842251808,Regular,9,Update,Deployment,false
6.862184874,Regular,5,Delete,ConfigMap,false
6.882966248,Regular,5,Delete,Deployment,false
6.902813903,Regular,7,Create,Deployment,false
6.922109318,Regular,8,Create,ConfigMap,false
6.942519483,Regular,8,Update,Deployment,false
6.962337081,Regular,6,Delete,ConfigMap,false
6.982040345,Regular,8,Delete,Deployment,false
6.002172087,Regular,8,Create,Deployment,false
6.021672198,Regular,8,Create,ConfigMap,false
6.041962848,Regular,8,Update,Deployment,false
6.062358515,Regular,6,Delete,ConfigMap,false
6.082291912,Regular,8,Delete,Deployment,false
6.101822159,Regular,8,Create,Deployment,false
6.122148656,Regular,7,Create,ConfigMap,false
6.141720522,Regular,8,Update,Deployment,false
6.162233029,Regular,7,Delete,ConfigMap,false
6.182671367,Regular,6,Delete,Deployment,false
6.202080597,Regular,9,Create,Deployment,false
6.221936047,Regular,9,Create,ConfigMap,false
6.242530238,Regular,10,Update,Deployment,false
6.262393773,Regular,9,Delete,ConfigMap,false
6.283049299,Regular,5,Delete,Deployment,false
6.30226246,Regular,8,Create,Deployment,false
6.32211774,Regular,6,Create,ConfigMap,false
6.342139713,Regular,9,Update,Deployment,false
6.361886228,Regular,8,Delete,ConfigMap,false
6.382451875,Regular,6,Delete,Deployment,false
6.402890854,Regular,17,Create,Deployment,false
6.422036477,Regular,23,Create,ConfigMap,false
6.445585022,Regular,18,Update,Deployment,false
6.463599535,Regular,10,Delete,ConfigMap,false
6.481733393,Regular,7,Delete,Deployment,false
6.502506401,Regular,9,Create,Deployment,false
6.521789062,Regular,10,Create,ConfigMap,false
6.541945669,Regular,11,Update,Deployment,false
6.561870219,Regular,11,Delete,ConfigMap,false
6.583065953,Regular,6,Delete,Deployment,false
6.601789932,Regular,7,Create,Deployment,false
6.621943213,Regular,8,Create,ConfigMap,false
6.641800637,Regular,11,Update,Deployment,false
6.661709217,Regular,5,Delete,ConfigMap,false
6.682371476,Regular,6,Delete,Deployment,false
6.7020621259999995,Regular,5,Create,Deployment,false
6.721500109,Regular,6,Create,ConfigMap,false
6.7422114010000005,Regular,8,Update,Deployment,false
6.762465622,Regular,7,Delete,ConfigMap,false
6.7819751,Regular,7,Delete,Deployment,false
6.802130956,Regular,9,Create,Deployment,false
6.821844539,Regular,10,Create,ConfigMap,false
6.842228013,Regular,11,Update,Deployment,false
6.862297837,Regular,5,Delete,ConfigMap,false
6.8828718,Regular,5,Delete,Deployment,false
6.902711961,Regular,7,Create,Deployment,false
6.922350412,Regular,5,Create,ConfigMap,false
6.942569487,Regular,9,Update,Deployment,false
6.962314268,Regular,6,Delete,ConfigMap,false
6.981940477,Regular,5,Delete,Deployment,false
6.021599832,Regular,10,Create,ConfigMap,false
6.041744968,Regular,8,Update,Deployment,false
6.062518486,Regular,6,Delete,ConfigMap,false
6.082412599,Regular,7,Delete,Deployment,false
6.101845603,Regular,9,Create,Deployment,false
6.122284853,Regular,5,Create,ConfigMap,false
6.141732324,Regular,7,Update,Deployment,false
6.162460969,Regular,6,Delete,ConfigMap,false
6.182264992,Regular,6,Delete,Deployment,false
6.202080717,Regular,9,Create,Deployment,false
6.222414548,Regular,8,Create,ConfigMap,false
6.24263765,Regular,10,Update,Deployment,false
6.262520642,Regular,9,Delete,ConfigMap,false
6.2829913600000005,Regular,4,Delete,Deployment,false
6.302316291,Regular,7,Create,Deployment,false
6.322191929,Regular,8,Create,ConfigMap,false
6.342216878,Regular,9,Update,Deployment,false
6.362025891,Regular,7,Delete,ConfigMap,false
6.382469388,Regular,7,Delete,Deployment,false
6.403776221,Regular,14,Create,Deployment,false
6.42204846,Regular,27,Create,ConfigMap,false
6.449957215,Regular,11,Update,Deployment,false
6.461895516,Regular,12,Delete,ConfigMap,false
6.48169984,Regular,7,Delete,Deployment,false
6.502385253,Regular,11,Create,Deployment,false
6.521530866,Regular,9,Create,ConfigMap,false
6.54216365,Regular,10,Update,Deployment,false
6.561885538,Regular,8,Delete,ConfigMap,false
6.58264474,Regular,7,Delete,Deployment,false
6.6016122280000005,Regular,6,Create,Deployment,false
6.621794363,Regular,8,Create,ConfigMap,false
6.641661154,Regular,11,Update,Deployment,false
6.661812241,Regular,5,Delete,ConfigMap,false
6.682487244,Regular,5,Delete,Deployment,false
6.701940366,Regular,6,Create,Deployment,false
6.721490471,Regular,6,Create,ConfigMap,false
6.742325636,Regular,8,Update,Deployment,false
6.762409086,Regular,6,Delete,ConfigMap,false
6.782157865,Regular,7,Delete,Deployment,false
6.802343506,Regular,9,Create,Deployment,false
6.8216967010000005,Regular,8,Create,ConfigMap,false
6.84229025,Regular,11,Update,Deployment,false
6.862269263,Regular,5,Delete,ConfigMap,false
6.883151587,Regular,6,Delete,Deployment,false
6.902510231,Regular,7,Create,Deployment,false
6.922291932,Regular,7,Create,ConfigMap,false
6.942943481,Regular,8,Update,Deployment,false
6.962691539,Regular,5,Delete,ConfigMap,false
6.981992405,Regular,8,Delete,Deployment,false
6.021691114,Regular,8,Create,ConfigMap,false
6.041781937,Regular,8,Update,Deployment,false
6.062256292,Regular,6,Delete,ConfigMap,false
6.082413561,Regular,7,Delete,Deployment,false
6.101770712,Regular,8,Create,Deployment,false
6.122283089,Regular,5,Create,ConfigMap,false
6.141720783,Regular,8,Update,Deployment,false
6.162306558,Regular,7,Delete,ConfigMap,false
6.182522898,Regular,9,Delete,Deployment,false
6.201900477,Regular,9,Create,Deployment,false
6.222081641,Regular,9,Create,ConfigMap,false
6.242463542,Regular,8,Update,Deployment,false
6.262563472,Regular,9,Delete,ConfigMap,false
6.2830845459999995,Regular,5,Delete,Deployment,false
6.30237386,Regular,7,Create,Deployment,false
6.322240962,Regular,8,Create,ConfigMap,false
6.34209572,Regular,9,Update,Deployment,false
6.361905554,Regular,8,Delete,ConfigMap,false
6.382442227,Regular,8,Delete,Deployment,false
6.4038763,Regular,43,Create,Deployment,false
6.447616768,Regular,12,Create,ConfigMap,false
6.460537329,Regular,12,Update,Deployment,false
6.473238066,Regular,10,Delete,ConfigMap,false
6.483705617,Regular,5,Delete,Deployment,false
6.502359424,Regular,9,Create,Deployment,false
6.521970945,Regular,8,Create,ConfigMap,false
6.542080583,Regular,13,Update,Deployment,false
6.561784368,Regular,10,Delete,ConfigMap,false
6.583011,Regular,6,Delete,Deployment,false
6.601721594,Regular,7,Create,Deployment,false
6.62177703,Regular,6,Create,ConfigMap,false
6.642016073,Regular,11,Update,Deployment,false
6.6616447260000005,Regular,5,Delete,ConfigMap,false
6.682435898,Regular,5,Delete,Deployment,false
6.702100007,Regular,6,Create,Deployment,false
6.721476876,Regular,6,Create,ConfigMap,false
6.742223013,Regular,9,Update,Deployment,false
6.76244876,Regular,7,Delete,ConfigMap,false
6.782101178,Regular,7,Delete,Deployment,false
6.802222038,Regular,9,Create,Deployment,false
6.821755,Regular,10,Create,ConfigMap,false
6.842095033,Regular,12,Update,Deployment,false
6.862201025,Regular,6,Delete,ConfigMap,false
6.882756402,Regular,6,Delete,Deployment,false
6.902879396,Regular,7,Create,Deployment,false
6.922270512,Regular,8,Create,ConfigMap,false
6.942599614,Regular,8,Update,Deployment,false
6.96236821,Regular,6,Delete,ConfigMap,false
6.982098064,Regular,8,Delete,Deployment,false
6.002577501,Regular,8,Create,Deployment,false
6.021803095,Regular,9,Create,ConfigMap,false
6.041874091,Regular,9,Update,Deployment,false
6.062200938,Regular,6,Delete,ConfigMap,false
6.0822272,Regular,8,Delete,Deployment,false
6.101862495,Regular,8,Create,Deployment,false
6.12228338,Regular,6,Create,ConfigMap,false
6.141719089,Regular,8,Update,Deployment,false
6.162390396,Regular,5,Delete,ConfigMap,false
6.182312431,Regular,9,Delete,Deployment,false
6.201920986,Regular,9,Create,Deployment,false
6.221721683,Regular,8,Create,ConfigMap,false
6.242588327,Regular,10,Update,Deployment,false
6.262561268,Regular,9,Delete,ConfigMap,false
6.282998885,Regular,5,Delete,Deployment,false
6.302326581,Regular,8,Create,Deployment,false
6.322068196,Regular,8,Create,ConfigMap,false
6.342077466,Regular,10,Update,Deployment,false
6.362068321,Regular,7,Delete,ConfigMap,false
6.382368979,Regular,7,Delete,Deployment,false
6.403076614,Regular,15,Create,Deployment,false
6.423019969,Regular,26,Create,ConfigMap,false
6.449730709,Regular,14,Update,Deployment,false
6.464593006,Regular,14,Delete,ConfigMap,false
6.481690412,Regular,7,Delete,Deployment,false
6.502440026,Regular,11,Create,Deployment,false
6.522187853,Regular,7,Create,ConfigMap,false
6.542028325,Regular,13,Update,Deployment,false
6.561935542,Regular,11,Delete,ConfigMap,false
6.582802647,Regular,6,Delete,Deployment,false
6.601526336,Regular,7,Create,Deployment,false
6.622030528,Regular,8,Create,ConfigMap,false
6.641991256,Regular,11,Update,Deployment,false
6.6615411909999995,Regular,5,Delete,ConfigMap,false
6.682393558,Regular,5,Delete,Deployment,false
6.702092583,Regular,7,Create,Deployment,false
6.721572826,Regular,6,Create,ConfigMap,false
6.742260023,Regular,8,Update,Deployment,false
6.762496049,Regular,5,Delete,ConfigMap,false
6.78214992,Regular,7,Delete,Deployment,false
6.802462991,Regular,8,Create,Deployment,false
6.821656304,Regular,10,Create,ConfigMap,false
6.842227242,Regular,11,Update,Deployment,false
6.862316963,Regular,5,Delete,ConfigMap,false
6.883198565,Regular,5,Delete,Deployment,false
6.902623525,Regular,7,Create,Deployment,false
6.922235336,Regular,6,Create,ConfigMap,false
6.942578083,Regular,9,Update,Deployment,false
6.962437671,Regular,6,Delete,ConfigMap,false
6.982041307,Regular,8,Delete,Deployment,false
7.002458425,Regular,8,Create,Deployment,false
6.021653844,Regular,9,Create,ConfigMap,false
6.041914777,Regular,8,Update,Deployment,false
6.062245933,Regular,6,Delete,ConfigMap,false
6.082346424,Regular,8,Delete,Deployment,false
6.102182818,Regular,9,Create,Deployment,false
6.122352981,Regular,7,Create,ConfigMap,false
6.141613661,Regular,8,Update,Deployment,false
6.162217109,Regular,7,Delete,ConfigMap,false
6.182318453,Regular,6,Delete,Deployment,false
6.202148755,Regular,6,Create,Deployment,false
6.222188713,Regular,9,Create,ConfigMap,false
6.242565985,Regular,10,Update,Deployment,false
6.262336034,Regular,9,Delete,ConfigMap,false
6.28318747,Regular,5,Delete,Deployment,false
6.302458659,Regular,7,Create,Deployment,false
6.322198331,Regular,8,Create,ConfigMap,false
6.342247897,Regular,10,Update,Deployment,false
6.36205194,Regular,8,Delete,ConfigMap,false
6.382540672,Regular,8,Delete,Deployment,false
6.404270682,Regular,20,Create,Deployment,false
6.425242394,Regular,20,Create,ConfigMap,false
6.44583878,Regular,17,Update,Deployment,false
6.463388157,Regular,10,Delete,ConfigMap,false
6.4822948799999995,Regular,6,Delete,Deployment,false
6.50258025,Regular,11,Create,Deployment,false
6.522096371,Regular,9,Create,ConfigMap,false
6.542437125,Regular,12,Update,Deployment,false
6.562365642,Regular,10,Delete,ConfigMap,false
6.582401752,Regular,7,Delete,Deployment,false
6.601625984,Regular,7,Create,Deployment,false
6.622292832,Regular,7,Create,ConfigMap,false
6.6421423,Regular,11,Update,Deployment,false
6.661554866,Regular,5,Delete,ConfigMap,false
6.682544622,Regular,5,Delete,Deployment,false
6.702099586,Regular,7,Create,Deployment,false
6.721624424,Regular,6,Create,ConfigMap,false
6.742387713,Regular,8,Update,Deployment,false
6.762553047,Regular,4,Delete,ConfigMap,false
6.7819623060000005,Regular,7,Delete,Deployment,false
6.802147547,Regular,9,Create,Deployment,false
6.821952432,Regular,9,Create,ConfigMap,false
6.842129357,Regular,9,Update,Deployment,false
6.862255718,Regular,5,Delete,ConfigMap,false
6.88244186,Regular,6,Delete,Deployment,false
6.902713374,Regular,7,Create,Deployment,false
6.92213691,Regular,8,Create,ConfigMap,false
6.942554509,Regular,9,Update,Deployment,false
6.962445626,Regular,4,Delete,ConfigMap,false
6.98203744,Regular,8,Delete,Deployment,false
7.002051759,Regular,9,Create,Deployment,false
6.002955112,Regular,8,Create,Deployment,false
6.021914414,Regular,7,Create,ConfigMap,false
6.041915659,Regular,9,Update,Deployment,false
6.062518486,Regular,5,Delete,ConfigMap,false
6.08240235,Regular,7,Delete,Deployment,false
6.101933659,Regular,7,Create,Deployment,false
6.122199101,Regular,7,Create,ConfigMap,false
6.141736843,Regular,8,Update,Deployment,false
6.162516012,Regular,7,Delete,ConfigMap,false
6.182117714,Regular,7,Delete,Deployment,false
6.2020984,Regular,9,Create,Deployment,false
6.22237337,Regular,8,Create,ConfigMap,false
6.242493068,Regular,11,Update,Deployment,false
6.262327418,Regular,10,Delete,ConfigMap,false
6.282467624,Regular,5,Delete,Deployment,false
6.302467706,Regular,8,Create,Deployment,false
6.322196688,Regular,8,Create,ConfigMap,false
6.342117932,Regular,11,Update,Deployment,false
6.362313192,Regular,7,Delete,ConfigMap,false
6.3823252870000005,Regular,8,Delete,Deployment,false
6.402221133,Regular,23,Create,Deployment,false
6.425832185,Regular,21,Create,ConfigMap,false
6.44704994,Regular,13,Update,Deployment,false
6.462611695,Regular,16,Delete,ConfigMap,false
6.481878637,Regular,8,Delete,Deployment,false
6.502286337,Regular,7,Create,Deployment,false
6.522193123,Regular,9,Create,ConfigMap,false
6.541799414,Regular,11,Update,Deployment,false
6.561933068,Regular,10,Delete,ConfigMap,false
6.58270838,Regular,7,Delete,Deployment,false
6.601755257,Regular,7,Create,Deployment,false
6.62182971,Regular,7,Create,ConfigMap,false
6.641840933,Regular,11,Update,Deployment,false
6.66157251,Regular,5,Delete,ConfigMap,false
6.682311093,Regular,5,Delete,Deployment,false
6.70217057,Regular,7,Create,Deployment,false
6.72152686,Regular,6,Create,ConfigMap,false
6.742329423,Regular,8,Update,Deployment,false
6.762489457,Regular,7,Delete,ConfigMap,false
6.78210228,Regular,7,Delete,Deployment,false
6.802263245,Regular,6,Create,Deployment,false
6.821679598,Regular,9,Create,ConfigMap,false
6.842257609,Regular,11,Update,Deployment,false
6.862232714,Regular,5,Delete,ConfigMap,false
6.882427142,Regular,6,Delete,Deployment,false
6.902978994,Regular,6,Create,Deployment,false
6.922283907,Regular,8,Create,ConfigMap,false
6.942728817,Regular,9,Update,Deployment,false
6.962678585,Regular,5,Delete,ConfigMap,false
6.982039784,Regular,7,Delete,Deployment,false
7.002247026,Regular,9,Create,Deployment,false
6.022083763,Regular,8,Create,ConfigMap,false
6.041920117,Regular,8,Update,Deployment,false
6.062397638,Regular,6,Delete,ConfigMap,false
6.082165935,Regular,8,Delete,Deployment,false
6.101739193,Regular,10,Create,Deployment,false
6.122259004,Regular,6,Create,ConfigMap,false
6.141691508,Regular,8,Update,Deployment,false
6.162246174,Regular,7,Delete,ConfigMap,false
6.182754764,Regular,9,Delete,Deployment,false
6.202081418,Regular,8,Create,Deployment,false
6.22168282,Regular,9,Create,ConfigMap,false
6.24244115,Regular,10,Update,Deployment,false
6.262506425,Regular,9,Delete,ConfigMap,false
6.282819627,Regular,6,Delete,Deployment,false
6.302180906,Regular,8,Create,Deployment,false
6.322048539,Regular,8,Create,ConfigMap,false
6.342045636,Regular,9,Update,Deployment,false
6.361870118,Regular,7,Delete,ConfigMap,false
6.382390099,Regular,8,Delete,Deployment,false
6.40270266,Regular,29,Create,Deployment,false
6.432708714,Regular,12,Create,ConfigMap,false
6.44563207,Regular,15,Update,Deployment,false
6.462216791,Regular,17,Delete,ConfigMap,false
6.48159378,Regular,7,Delete,Deployment,false
6.502558088,Regular,11,Create,Deployment,false
6.521969652,Regular,10,Create,ConfigMap,false
6.542148261,Regular,13,Update,Deployment,false
6.561980276,Regular,11,Delete,ConfigMap,false
6.582403406,Regular,7,Delete,Deployment,false
6.6016377859999995,Regular,7,Create,Deployment,false
6.621751592,Regular,8,Create,ConfigMap,false
6.641803512,Regular,11,Update,Deployment,false
6.661507317,Regular,5,Delete,ConfigMap,false
6.68248469,Regular,5,Delete,Deployment,false
6.702079498,Regular,7,Create,Deployment,false
6.72144717,Regular,6,Create,ConfigMap,false
6.742381401,Regular,8,Update,Deployment,false
6.762331219,Regular,5,Delete,ConfigMap,false
6.781946867,Regular,6,Delete,Deployment,false
6.802213502,Regular,7,Create,Deployment,false
6.821915663,Regular,10,Create,ConfigMap,false
6.842074023,Regular,11,Update,Deployment,false
6.862280414,Regular,5,Delete,ConfigMap,false
6.882596581,Regular,6,Delete,Deployment,false
6.902744222,Regular,6,Create,Deployment,false
6.922253209,Regular,7,Create,ConfigMap,false
6.942669325,Regular,9,Update,Deployment,false
6.96226187,Regular,6,Delete,ConfigMap,false
6.981874633,Regular,8,Delete,Deployment,false
7.002221027,Regular,9,Create,Deployment,false
7.022230477,Regular,5,Create,ConfigMap,false
7.041935444,Regular,9,Update,Deployment,false
7.062195786,Regular,5,Delete,ConfigMap,false
7.082522183,Regular,11,Delete,Deployment,false
7.102112624,Regular,8,Create,Deployment,false
7.121818753,Regular,8,Create,ConfigMap,false
7.141804177,Regular,8,Update,Deployment,false
7.161672361,Regular,5,Delete,ConfigMap,false
7.182032672,Regular,7,Delete,Deployment,false
7.201491084,Regular,7,Create,Deployment,false
7.222328043,Regular,6,Create,ConfigMap,false
7.242393728,Regular,8,Update,Deployment,false
7.262315163,Regular,6,Delete,ConfigMap,false
7.282595112,Regular,5,Delete,Deployment,false
7.302450782,Regular,11,Create,Deployment,false
7.322247622,Regular,14,Create,ConfigMap,false
7.342205966,Regular,16,Update,Deployment,false
7.362351021,Regular,7,Delete,ConfigMap,false
7.381880307,Regular,5,Delete,Deployment,false
7.403795125,Regular,6,Create,Deployment,false
7.421771616,Regular,12,Create,ConfigMap,false
7.442267693,Regular,13,Update,Deployment,false
7.462948006,Regular,5,Delete,ConfigMap,false
7.4815533819999995,Regular,7,Delete,Deployment,false
7.501953327,Regular,10,Create,Deployment,false
7.5221628240000005,Regular,8,Create,ConfigMap,false
7.542090239,Regular,6,Update,Deployment,false
7.562448616,Regular,7,Delete,ConfigMap,false
7.582154404,Regular,6,Delete,Deployment,false
7.602585088,Regular,8,Create,Deployment,false
7.621845307,Regular,7,Create,ConfigMap,false
7.642312158,Regular,6,Update,Deployment,false
7.661884745,Regular,5,Delete,ConfigMap,false
7.682003842,Regular,6,Delete,Deployment,false
7.702321903,Regular,10,Create,Deployment,false
7.722214833,Regular,7,Create,ConfigMap,false
7.742455939,Regular,11,Update,Deployment,false
7.763272209,Regular,6,Delete,ConfigMap,false
7.78251773,Regular,6,Delete,Deployment,false
7.80233084,Regular,6,Create,Deployment,false
7.822380786,Regular,7,Create,ConfigMap,false
7.842523708,Regular,10,Update,Deployment,false
7.861603968,Regular,7,Delete,ConfigMap,false
7.882830119,Regular,9,Delete,Deployment,false
7.902158326,Regular,13,Create,Deployment,false
7.922503769,Regular,10,Create,ConfigMap,false
7.942106062,Regular,13,Update,Deployment,false
7.962196254,Regular,6,Delete,ConfigMap,false
7.982038449,Regular,8,Delete,Deployment,false
7.022202294,Regular,7,Create,ConfigMap,false
7.041972944,Regular,7,Update,Deployment,false
7.062232696,Regular,5,Delete,ConfigMap,false
7.082546459,Regular,11,Delete,Deployment,false
7.101694316,Regular,9,Create,Deployment,false
7.122284099,Regular,8,Create,ConfigMap,false
7.141855935,Regular,8,Update,Deployment,false
7.161737624,Regular,6,Delete,ConfigMap,false
7.182133963,Regular,6,Delete,Deployment,false
7.201657929,Regular,7,Create,Deployment,false
7.222228666,Regular,7,Create,ConfigMap,false
7.242229309,Regular,7,Update,Deployment,false
7.26231373,Regular,6,Delete,ConfigMap,false
7.282650146,Regular,6,Delete,Deployment,false
7.302435704,Regular,11,Create,Deployment,false
7.3221360220000005,Regular,14,Create,ConfigMap,false
7.342099816,Regular,16,Update,Deployment,false
7.361926852,Regular,6,Delete,ConfigMap,false
7.382203916,Regular,6,Delete,Deployment,false
7.4025587569999995,Regular,9,Create,Deployment,false
7.422210433,Regular,11,Create,ConfigMap,false
7.442332555,Regular,13,Update,Deployment,false
7.463240397,Regular,7,Delete,ConfigMap,false
7.481704086,Regular,7,Delete,Deployment,false
7.502400289,Regular,10,Create,Deployment,false
7.522137937,Regular,8,Create,ConfigMap,false
7.541907375,Regular,7,Update,Deployment,false
7.562632793,Regular,4,Delete,ConfigMap,false
7.582355804,Regular,5,Delete,Deployment,false
7.6026085519999995,Regular,7,Create,Deployment,false
7.621898226,Regular,6,Create,ConfigMap,false
7.642467921,Regular,7,Update,Deployment,false
7.66185012,Regular,5,Delete,ConfigMap,false
7.682046662,Regular,6,Delete,Deployment,false
7.702270296,Regular,9,Create,Deployment,false
7.72221301,Regular,7,Create,ConfigMap,false
7.742032532,Regular,11,Update,Deployment,false
7.762414093,Regular,7,Delete,ConfigMap,false
7.782565821,Regular,6,Delete,Deployment,false
7.802120144,Regular,8,Create,Deployment,false
7.822274947,Regular,7,Create,ConfigMap,false
7.842393412,Regular,8,Update,Deployment,false
7.861565706,Regular,7,Delete,ConfigMap,false
7.882120343,Regular,9,Delete,Deployment,false
7.902834239,Regular,12,Create,Deployment,false
7.921972238,Regular,11,Create,ConfigMap,false
7.941535919,Regular,14,Update,Deployment,false
7.962078753,Regular,6,Delete,ConfigMap,false
7.98170418,Regular,11,Delete,Deployment,false
7.02220024,Regular,7,Create,ConfigMap,false
7.041912791,Regular,9,Update,Deployment,false
7.062405842,Regular,5,Delete,ConfigMap,false
7.082686122,Regular,10,Delete,Deployment,false
7.101684908,Regular,9,Create,Deployment,false
7.122177879,Regular,8,Create,ConfigMap,false
7.141988454,Regular,7,Update,Deployment,false
7.161558457,Regular,7,Delete,ConfigMap,false
7.182167065,Regular,5,Delete,Deployment,false
7.201649693,Regular,7,Create,Deployment,false
7.222205462,Regular,7,Create,ConfigMap,false
7.24230942,Regular,10,Update,Deployment,false
7.262139332,Regular,7,Delete,ConfigMap,false
7.282606684,Regular,5,Delete,Deployment,false
7.30229566,Regular,10,Create,Deployment,false
7.322044169,Regular,14,Create,ConfigMap,false
7.342402225,Regular,17,Update,Deployment,false
7.361763264,Regular,5,Delete,ConfigMap,false
7.38205751,Regular,6,Delete,Deployment,false
7.402938251,Regular,7,Create,Deployment,false
7.421735909,Regular,10,Create,ConfigMap,false
7.442440949,Regular,14,Update,Deployment,false
7.462563802,Regular,6,Delete,ConfigMap,false
7.481514779,Regular,7,Delete,Deployment,false
7.50183253,Regular,9,Create,Deployment,false
7.5219325999999995,Regular,8,Create,ConfigMap,false
7.5418927369999995,Regular,8,Update,Deployment,false
7.562594701,Regular,5,Delete,ConfigMap,false
7.582305018,Regular,5,Delete,Deployment,false
7.602367768,Regular,6,Create,Deployment,false
7.6219663749999995,Regular,6,Create,ConfigMap,false
7.642393731,Regular,9,Update,Deployment,false
7.662069413,Regular,5,Delete,ConfigMap,false
7.682072451,Regular,6,Delete,Deployment,false
7.7022560890000005,Regular,10,Create,Deployment,false
7.72189993,Regular,6,Create,ConfigMap,false
7.742436222,Regular,8,Update,Deployment,false
7.762857879,Regular,7,Delete,ConfigMap,false
7.782441757,Regular,7,Delete,Deployment,false
7.801871315,Regular,9,Create,Deployment,false
7.8222287,Regular,8,Create,ConfigMap,false
7.84246114,Regular,10,Update,Deployment,false
7.8617654120000005,Regular,6,Delete,ConfigMap,false
7.882031716,Regular,10,Delete,Deployment,false
7.902649241,Regular,13,Create,Deployment,false
7.921960155,Regular,11,Create,ConfigMap,false
7.941740935,Regular,14,Update,Deployment,false
7.962469308,Regular,4,Delete,ConfigMap,false
7.98174702,Regular,9,Delete,Deployment,false
7.002021522,Regular,8,Create,Deployment,false
7.022197976,Regular,7,Create,ConfigMap,false
7.042062333,Regular,7,Update,Deployment,false
7.062242885,Regular,5,Delete,ConfigMap,false
7.083449619,Regular,10,Delete,Deployment,false
7.101882771,Regular,10,Create,Deployment,false
7.122053004,Regular,6,Create,ConfigMap,false
7.141865853,Regular,8,Update,Deployment,false
7.161784873,Regular,5,Delete,ConfigMap,false
7.182186732,Regular,5,Delete,Deployment,false
7.201563511,Regular,7,Create,Deployment,false
7.222453589,Regular,7,Create,ConfigMap,false
7.242302026,Regular,10,Update,Deployment,false
7.262257023,Regular,6,Delete,ConfigMap,false
7.282595893,Regular,5,Delete,Deployment,false
7.302262127,Regular,10,Create,Deployment,false
7.322235309,Regular,15,Create,ConfigMap,false
7.342166551,Regular,17,Update,Deployment,false
7.36215932,Regular,7,Delete,ConfigMap,false
7.38198823,Regular,5,Delete,Deployment,false
7.402938151,Regular,9,Create,Deployment,false
7.421935595,Regular,9,Create,ConfigMap,false
7.442342514,Regular,14,Update,Deployment,false
7.463126773,Regular,5,Delete,ConfigMap,false
7.481729754,Regular,7,Delete,Deployment,false
7.502069266,Regular,8,Create,Deployment,false
7.521986592,Regular,8,Create,ConfigMap,false
7.541993016,Regular,8,Update,Deployment,false
7.5624932000000005,Regular,4,Delete,ConfigMap,false
7.582356495,Regular,5,Delete,Deployment,false
7.602576461,Regular,7,Create,Deployment,false
7.622019204,Regular,6,Create,ConfigMap,false
7.642527273,Regular,8,Update,Deployment,false
7.661763808,Regular,5,Delete,ConfigMap,false
7.682015404,Regular,6,Delete,Deployment,false
7.702475482,Regular,8,Create,Deployment,false
7.722211627,Regular,7,Create,ConfigMap,false
7.742164811,Regular,11,Update,Deployment,false
7.763145991,Regular,6,Delete,ConfigMap,false
7.782412852,Regular,7,Delete,Deployment,false
7.80205984,Regular,8,Create,Deployment,false
7.822259728,Regular,7,Create,ConfigMap,false
7.8422975919999995,Regular,10,Update,Deployment,false
7.861623515,Regular,7,Delete,ConfigMap,false
7.882766129,Regular,9,Delete,Deployment,false
7.902649141,Regular,13,Create,Deployment,false
7.922178206,Regular,11,Create,ConfigMap,false
7.941608696,Regular,14,Update,Deployment,false
7.96262937,Regular,6,Delete,ConfigMap,false
7.981581409,Regular,9,Delete,Deployment,false
7.002336836,Regular,9,Create,Deployment,false
7.022150156,Regular,7,Create,ConfigMap,false
7.041953087,Regular,6,Update,Deployment,false
7.062376537,Regular,5,Delete,ConfigMap,false
7.083405797,Regular,10,Delete,Deployment,false
7.102138362,Regular,9,Create,Deployment,false
7.122359762,Regular,7,Create,ConfigMap,false
7.142037076,Regular,7,Update,Deployment,false
7.161657033,Regular,6,Delete,ConfigMap,false
7.182069832,Regular,5,Delete,Deployment,false
7.201620488,Regular,7,Create,Deployment,false
7.222383277,Regular,7,Create,ConfigMap,false
7.242152113,Regular,9,Update,Deployment,false
7.262371218,Regular,6,Delete,ConfigMap,false
7.282517075,Regular,4,Delete,Deployment,false
7.302273879,Regular,11,Create,Deployment,false
7.322256929,Regular,14,Create,ConfigMap,false
7.342343094,Regular,17,Update,Deployment,false
7.362554614,Regular,6,Delete,ConfigMap,false
7.381919,Regular,5,Delete,Deployment,false
7.4036010789999995,Regular,8,Create,Deployment,false
7.421794069,Regular,11,Create,ConfigMap,false
7.442960718,Regular,13,Update,Deployment,false
7.462963245,Regular,7,Delete,ConfigMap,false
7.481742608,Regular,7,Delete,Deployment,false
7.501972263,Regular,8,Create,Deployment,false
7.5220465050000005,Regular,8,Create,ConfigMap,false
7.542065503,Regular,8,Update,Deployment,false
7.562543615,Regular,5,Delete,ConfigMap,false
7.582303916,Regular,5,Delete,Deployment,false
7.602629802,Regular,6,Create,Deployment,false
7.621965012,Regular,6,Create,ConfigMap,false
7.642459736,Regular,7,Update,Deployment,false
7.6619087,Regular,5,Delete,ConfigMap,false
7.681993502,Regular,6,Delete,Deployment,false
7.702207567,Regular,10,Create,Deployment,false
7.722275638,Regular,7,Create,ConfigMap,false
7.742516664,Regular,11,Update,Deployment,false
7.763214049,Regular,6,Delete,ConfigMap,false
7.782532929,Regular,5,Delete,Deployment,false
7.801955834,Regular,8,Create,Deployment,false
7.8224424930000005,Regular,7,Create,ConfigMap,false
7.842504892,Regular,10,Update,Deployment,false
7.8616988370000005,Regular,7,Delete,ConfigMap,false
7.882667152,Regular,9,Delete,Deployment,false
7.903016623,Regular,12,Create,Deployment,false
7.92256254,Regular,9,Create,ConfigMap,false
7.941946802,Regular,14,Update,Deployment,false
7.962243002,Regular,6,Delete,ConfigMap,false
7.981971443,Regular,11,Delete,Deployment,false
7.002024137,Regular,9,Create,Deployment,false
7.022091536,Regular,7,Create,ConfigMap,false
7.042100084,Regular,8,Update,Deployment,false
7.062218279,Regular,5,Delete,ConfigMap,false
7.082969596,Regular,10,Delete,Deployment,false
7.101732749,Regular,9,Create,Deployment,false
7.122122475,Regular,8,Create,ConfigMap,false
7.142011377,Regular,7,Update,Deployment,false
7.161748886,Regular,5,Delete,ConfigMap,false
7.182138952,Regular,5,Delete,Deployment,false
7.201576996,Regular,7,Create,Deployment,false
7.222248303,Regular,6,Create,ConfigMap,false
7.242215553,Regular,8,Update,Deployment,false
7.262199425,Regular,5,Delete,ConfigMap,false
7.28242971,Regular,6,Delete,Deployment,false
7.302689582,Regular,9,Create,Deployment,false
7.32225756,Regular,14,Create,ConfigMap,false
7.3424022749999995,Regular,16,Update,Deployment,false
7.36262133,Regular,6,Delete,ConfigMap,false
7.381861902,Regular,5,Delete,Deployment,false
7.403121596,Regular,8,Create,Deployment,false
7.421931057,Regular,12,Create,ConfigMap,false
7.442279505,Regular,14,Update,Deployment,false
7.462943127,Regular,7,Delete,ConfigMap,false
7.481946031,Regular,4,Delete,Deployment,false
7.502279251,Regular,8,Create,Deployment,false
7.522092922,Regular,8,Create,ConfigMap,false
7.54205877,Regular,7,Update,Deployment,false
7.562638935,Regular,6,Delete,ConfigMap,false
7.582233233,Regular,5,Delete,Deployment,false
7.602473357,Regular,8,Create,Deployment,false
7.621928223,Regular,6,Create,ConfigMap,false
7.642505562,Regular,7,Update,Deployment,false
7.661844429,Regular,5,Delete,ConfigMap,false
7.682253642,Regular,6,Delete,Deployment,false
7.70242132,Regular,10,Create,Deployment,false
7.722325191,Regular,7,Create,ConfigMap,false
7.742373244,Regular,11,Update,Deployment,false
7.763140561,Regular,6,Delete,ConfigMap,false
7.782392675,Regular,5,Delete,Deployment,false
7.80205992,Regular,8,Create,Deployment,false
7.822379474,Regular,5,Create,ConfigMap,false
7.842443046,Regular,10,Update,Deployment,false
7.861532654,Regular,7,Delete,ConfigMap,false
7.882488075,Regular,8,Delete,Deployment,false
7.902821816,Regular,12,Create,Deployment,false
7.9219904020000005,Regular,11,Create,ConfigMap,false
7.94200908,Regular,13,Update,Deployment,false
7.96219433,Regular,6,Delete,ConfigMap,false
7.981706554,Regular,11,Delete,Deployment,false
7.002235435,Regular,9,Create,Deployment,false
7.022198086,Regular,7,Create,ConfigMap,false
7.042082711,Regular,9,Update,Deployment,false
7.062356549,Regular,5,Delete,ConfigMap,false
7.083560759,Regular,10,Delete,Deployment,false
7.101885787,Regular,8,Create,Deployment,false
7.121636289,Regular,9,Create,ConfigMap,false
7.14220928,Regular,6,Update,Deployment,false
7.161688111,Regular,5,Delete,ConfigMap,false
7.182179429,Regular,7,Delete,Deployment,false
7.201534616,Regular,7,Create,Deployment,false
7.222426198,Regular,7,Create,ConfigMap,false
7.242362469,Regular,10,Update,Deployment,false
7.262315423,Regular,6,Delete,ConfigMap,false
7.282596735,Regular,5,Delete,Deployment,false
7.302392382,Regular,8,Create,Deployment,false
7.322115783,Regular,14,Create,ConfigMap,false
7.342337183,Regular,16,Update,Deployment,false
7.362802371,Regular,6,Delete,ConfigMap,false
7.381815214,Regular,5,Delete,Deployment,false
7.40313435,Regular,9,Create,Deployment,false
7.421752751,Regular,12,Create,ConfigMap,false
7.442953163,Regular,13,Update,Deployment,false
7.463038206,Regular,5,Delete,ConfigMap,false
7.481569322,Regular,7,Delete,Deployment,false
7.502015825,Regular,8,Create,Deployment,false
7.5221622230000005,Regular,8,Create,ConfigMap,false
7.542279265,Regular,7,Update,Deployment,false
7.562526072,Regular,5,Delete,ConfigMap,false
7.582337038,Regular,5,Delete,Deployment,false
7.602350095,Regular,8,Create,Deployment,false
7.62187341,Regular,6,Create,ConfigMap,false
7.642463062,Regular,7,Update,Deployment,false
7.6620705749999996,Regular,5,Delete,ConfigMap,false
7.681845884,Regular,6,Delete,Deployment,false
7.702414878,Regular,9,Create,Deployment,false
7.722010288,Regular,7,Create,ConfigMap,false
7.742215076,Regular,11,Update,Deployment,false
7.763327713,Regular,6,Delete,ConfigMap,false
7.782516227,Regular,6,Delete,Deployment,false
7.802057906,Regular,8,Create,Deployment,false
7.822461178,Regular,7,Create,ConfigMap,false
7.842695271,Regular,10,Update,Deployment,false
7.861699478,Regular,4,Delete,ConfigMap,false
7.882234538,Regular,9,Delete,Deployment,false
7.902631668,Regular,12,Create,Deployment,false
7.922408109,Regular,11,Create,ConfigMap,false
7.941544465,Regular,14,Update,Deployment,false
7.962044558,Regular,6,Delete,ConfigMap,false
7.981602078,Regular,9,Delete,Deployment,false
7.022038496,Regular,7,Create,ConfigMap,false
7.042089424,Regular,7,Update,Deployment,false
7.062404058,Regular,5,Delete,ConfigMap,false
7.08308366,Regular,11,Delete,Deployment,false
7.102139685,Regular,8,Create,Deployment,false
7.122093761,Regular,8,Create,ConfigMap,false
7.141961063,Regular,8,Update,Deployment,false
7.161695575,Regular,4,Delete,ConfigMap,false
7.18213218,Regular,5,Delete,Deployment,false
7.201595271,Regular,7,Create,Deployment,false
7.222292265,Regular,7,Create,ConfigMap,false
7.24226734,Regular,10,Update,Deployment,false
7.262364596,Regular,6,Delete,ConfigMap,false
7.282599951,Regular,6,Delete,Deployment,false
7.30220533,Regular,11,Create,Deployment,false
7.322197858,Regular,14,Create,ConfigMap,false
7.342152735,Regular,15,Update,Deployment,false
7.3625734099999995,Regular,6,Delete,ConfigMap,false
7.382002547,Regular,6,Delete,Deployment,false
7.403852773,Regular,8,Create,Deployment,false
7.422000267,Regular,8,Create,ConfigMap,false
7.442502725,Regular,14,Update,Deployment,false
7.462822119,Regular,6,Delete,ConfigMap,false
7.48173272,Regular,7,Delete,Deployment,false
7.502054378,Regular,9,Create,Deployment,false
7.522169346,Regular,7,Create,ConfigMap,false
7.5420566860000005,Regular,8,Update,Deployment,false
7.562577188,Regular,5,Delete,ConfigMap,false
7.582250916,Regular,5,Delete,Deployment,false
7.602453399,Regular,7,Create,Deployment,false
7.621965273,Regular,6,Create,ConfigMap,false
7.642348015,Regular,9,Update,Deployment,false
7.662164111,Regular,5,Delete,ConfigMap,false
7.681982942,Regular,6,Delete,Deployment,false
7.702419416,Regular,10,Create,Deployment,false
7.721921771,Regular,7,Create,ConfigMap,false
7.7424340879999995,Regular,10,Update,Deployment,false
7.763038889,Regular,6,Delete,ConfigMap,false
7.7824921620000005,Regular,7,Delete,Deployment,false
7.801899117,Regular,9,Create,Deployment,false
7.822460607,Regular,7,Create,ConfigMap,false
7.842300978,Regular,10,Update,Deployment,false
7.862071649,Regular,6,Delete,ConfigMap,false
7.882489047,Regular,10,Delete,Deployment,false
7.902454464,Regular,6,Create,Deployment,false
7.922333658,Regular,9,Create,ConfigMap,false
7.942021202,Regular,13,Update,Deployment,false
7.962524332,Regular,6,Delete,ConfigMap,false
7.981756528,Regular,8,Delete,Deployment,false
8.002827758,Regular,16,Create,Deployment,false
7.002043844,Regular,9,Create,Deployment,false
7.022048865,Regular,7,Create,ConfigMap,false
7.042030994,Regular,8,Update,Deployment,false
7.062405281,Regular,4,Delete,ConfigMap,false
7.083388003,Regular,10,Delete,Deployment,false
7.101948445,Regular,9,Create,Deployment,false
7.122340075,Regular,8,Create,ConfigMap,false
7.142052004,Regular,7,Update,Deployment,false
7.161610345,Regular,5,Delete,ConfigMap,false
7.182045947,Regular,5,Delete,Deployment,false
7.201604288,Regular,7,Create,Deployment,false
7.222435495,Regular,6,Create,ConfigMap,false
7.242363702,Regular,10,Update,Deployment,false
7.262381247,Regular,6,Delete,ConfigMap,false
7.282487239,Regular,6,Delete,Deployment,false
7.302525784,Regular,10,Create,Deployment,false
7.322242382,Regular,14,Create,ConfigMap,false
7.342166161,Regular,16,Update,Deployment,false
7.362405263,Regular,7,Delete,ConfigMap,false
7.381746104,Regular,6,Delete,Deployment,false
7.40248624,Regular,7,Create,Deployment,false
7.421785152,Regular,12,Create,ConfigMap,false
7.443005542,Regular,14,Update,Deployment,false
7.462127831,Regular,6,Delete,ConfigMap,false
7.481681884,Regular,7,Delete,Deployment,false
7.502017588,Regular,9,Create,Deployment,false
7.522082242,Regular,6,Create,ConfigMap,false
7.542093415,Regular,8,Update,Deployment,false
7.562466269,Regular,5,Delete,ConfigMap,false
7.582280492,Regular,5,Delete,Deployment,false
7.602572905,Regular,6,Create,Deployment,false
7.621984459,Regular,6,Create,ConfigMap,false
7.642460597,Regular,8,Update,Deployment,false
7.661658058,Regular,5,Delete,ConfigMap,false
7.681846826,Regular,6,Delete,Deployment,false
7.702300603,Regular,10,Create,Deployment,false
7.722384793,Regular,7,Create,ConfigMap,false
7.741999861,Regular,12,Update,Deployment,false
7.76227448,Regular,7,Delete,ConfigMap,false
7.78253348,Regular,5,Delete,Deployment,false
7.802329989,Regular,8,Create,Deployment,false
7.822409911,Regular,5,Create,ConfigMap,false
7.842502608,Regular,10,Update,Deployment,false
7.861585263,Regular,7,Delete,ConfigMap,false
7.882720362,Regular,9,Delete,Deployment,false
7.902883091,Regular,12,Create,Deployment,false
7.922489342,Regular,8,Create,ConfigMap,false
7.941742127,Regular,13,Update,Deployment,false
7.962168472,Regular,7,Delete,ConfigMap,false
7.982078455,Regular,11,Delete,Deployment,false
8.002884064,Regular,17,Create,Deployment,false
7.002717332,Regular,9,Create,Deployment,false
7.022164884,Regular,7,Create,ConfigMap,false
7.041928701,Regular,8,Update,Deployment,false
7.062606991,Regular,5,Delete,ConfigMap,false
7.083578322,Regular,10,Delete,Deployment,false
7.1017213869999996,Regular,9,Create,Deployment,false
7.121604369,Regular,5,Create,ConfigMap,false
7.141968336,Regular,8,Update,Deployment,false
7.161638778,Regular,6,Delete,ConfigMap,false
7.181970285,Regular,5,Delete,Deployment,false
7.201640155,Regular,7,Create,Deployment,false
7.222386573,Regular,6,Create,ConfigMap,false
7.242357821,Regular,10,Update,Deployment,false
7.262369936,Regular,6,Delete,ConfigMap,false
7.2824243,Regular,6,Delete,Deployment,false
7.302437477,Regular,11,Create,Deployment,false
7.322190063,Regular,14,Create,ConfigMap,false
7.34251111,Regular,15,Update,Deployment,false
7.362743981,Regular,6,Delete,ConfigMap,false
7.381779888,Regular,6,Delete,Deployment,false
7.40368653,Regular,7,Create,Deployment,false
7.421928562,Regular,11,Create,ConfigMap,false
7.442928257,Regular,12,Update,Deployment,false
7.463066699,Regular,3,Delete,ConfigMap,false
7.48167977,Regular,7,Delete,Deployment,false
7.50181657,Regular,11,Create,Deployment,false
7.522096058,Regular,8,Create,ConfigMap,false
7.541977277,Regular,7,Update,Deployment,false
7.562561038,Regular,5,Delete,ConfigMap,false
7.582338451,Regular,5,Delete,Deployment,false
7.602493245,Regular,6,Create,Deployment,false
7.622023783,Regular,6,Create,ConfigMap,false
7.642412447,Regular,8,Update,Deployment,false
7.661862784,Regular,4,Delete,ConfigMap,false
7.682033087,Regular,6,Delete,Deployment,false
7.702233867,Regular,10,Create,Deployment,false
7.721829808,Regular,7,Create,ConfigMap,false
7.742520361,Regular,11,Update,Deployment,false
7.763195554,Regular,4,Delete,ConfigMap,false
7.782363409,Regular,6,Delete,Deployment,false
7.801920728,Regular,8,Create,Deployment,false
7.8223786220000004,Regular,7,Create,ConfigMap,false
7.842564685,Regular,10,Update,Deployment,false
7.861696522,Regular,6,Delete,ConfigMap,false
7.882864464,Regular,9,Delete,Deployment,false
7.9021921,Regular,13,Create,Deployment,false
7.922582397,Regular,11,Create,ConfigMap,false
7.942072178,Regular,13,Update,Deployment,false
7.962652964,Regular,6,Delete,ConfigMap,false
7.981970922,Regular,8,Delete,Deployment,false
8.003624488,Regular,17,Create,Deployment,false
8.003239353,Regular,17,Create,Deployment,false
8.022115348,Regular,9,Create,ConfigMap,false
8.04264058,Regular,10,Update,Deployment,false
8.0617956,Regular,7,Delete,ConfigMap,false
8.082385163,Regular,7,Delete,Deployment,false
8.102702773,Regular,19,Create,Deployment,false
8.122345242,Regular,12,Create,ConfigMap,false
8.142678582,Regular,9,Update,Deployment,false
8.162328244,Regular,7,Delete,ConfigMap,false
8.182799384,Regular,9,Delete,Deployment,false
8.201886417,Regular,14,Create,Deployment,false
8.221742908,Regular,9,Create,ConfigMap,false
8.243237094,Regular,12,Update,Deployment,false
8.262105706,Regular,7,Delete,ConfigMap,false
8.281858693,Regular,6,Delete,Deployment,false
8.302398171,Regular,11,Create,Deployment,false
8.322397923,Regular,9,Create,ConfigMap,false
8.342557375,Regular,13,Update,Deployment,false
8.363028525,Regular,6,Delete,ConfigMap,false
8.381789934,Regular,5,Delete,Deployment,false
8.402050988,Regular,7,Create,Deployment,false
8.422562804,Regular,8,Create,ConfigMap,false
8.442291766,Regular,9,Update,Deployment,false
8.462646867,Regular,6,Delete,ConfigMap,false
8.482614588,Regular,4,Delete,Deployment,false
8.501802761,Regular,8,Create,Deployment,false
8.522408444,Regular,9,Create,ConfigMap,false
8.542140201,Regular,12,Update,Deployment,false
8.562553582,Regular,7,Delete,ConfigMap,false
8.58244529,Regular,9,Delete,Deployment,false
8.602255334,Regular,8,Create,Deployment,false
8.6219227,Regular,8,Create,ConfigMap,false
8.642327675,Regular,11,Update,Deployment,false
8.662507696,Regular,6,Delete,ConfigMap,false
8.682437616,Regular,6,Delete,Deployment,false
8.702023208,Regular,41,Create,Deployment,false
8.743343118,Regular,20,Create,ConfigMap,false
8.763854533,Regular,9,Update,Deployment,false
8.772876162,Regular,5,Delete,ConfigMap,false
8.781983943,Regular,5,Delete,Deployment,false
8.802434123,Regular,9,Create,Deployment,false
8.822035214,Regular,8,Create,ConfigMap,false
8.841872348999999,Regular,9,Update,Deployment,false
8.862172015,Regular,6,Delete,ConfigMap,false
8.882054106,Regular,7,Delete,Deployment,false
8.901806582,Regular,9,Create,Deployment,false
8.922609255,Regular,9,Create,ConfigMap,false
8.941564129,Regular,9,Update,Deployment,false
8.961834641,Regular,7,Delete,ConfigMap,false
8.982224347,Regular,5,Delete,Deployment,false
8.003128544,Regular,17,Create,Deployment,false
8.021960837,Regular,10,Create,ConfigMap,false
8.042413111,Regular,10,Update,Deployment,false
8.061860372,Regular,9,Delete,ConfigMap,false
8.082653538,Regular,7,Delete,Deployment,false
8.102479993,Regular,16,Create,Deployment,false
8.121846723,Regular,11,Create,ConfigMap,false
8.142871074,Regular,12,Update,Deployment,false
8.16218243,Regular,8,Delete,ConfigMap,false
8.182181139,Regular,10,Delete,Deployment,false
8.201752134,Regular,12,Create,Deployment,false
8.221702312,Regular,10,Create,ConfigMap,false
8.242484377,Regular,13,Update,Deployment,false
8.261522117,Regular,8,Delete,ConfigMap,false
8.281939435,Regular,5,Delete,Deployment,false
8.302672708,Regular,10,Create,Deployment,false
8.322454599,Regular,9,Create,ConfigMap,false
8.342530635,Regular,9,Update,Deployment,false
8.362437011,Regular,7,Delete,ConfigMap,false
8.381630484,Regular,8,Delete,Deployment,false
8.402061428,Regular,8,Create,Deployment,false
8.422544479,Regular,9,Create,ConfigMap,false
8.44247985,Regular,9,Update,Deployment,false
8.462224511,Regular,6,Delete,ConfigMap,false
8.482401186,Regular,7,Delete,Deployment,false
8.501956581,Regular,8,Create,Deployment,false
8.52241156,Regular,9,Create,ConfigMap,false
8.542277209,Regular,13,Update,Deployment,false
8.562736165,Regular,7,Delete,ConfigMap,false
8.582279668,Regular,7,Delete,Deployment,false
8.601765803,Regular,8,Create,Deployment,false
8.621752089,Regular,7,Create,ConfigMap,false
8.642508706,Regular,11,Update,Deployment,false
8.662628464,Regular,6,Delete,ConfigMap,false
8.682446423,Regular,6,Delete,Deployment,false
8.702159104,Regular,42,Create,Deployment,false
8.744197517,Regular,18,Create,ConfigMap,false
8.762934581,Regular,9,Update,Deployment,false
8.772062429,Regular,3,Delete,ConfigMap,false
8.781902309,Regular,5,Delete,Deployment,false
8.802163794,Regular,9,Create,Deployment,false
8.821971904,Regular,8,Create,ConfigMap,false
8.841736714,Regular,10,Update,Deployment,false
8.86221154,Regular,6,Delete,ConfigMap,false
8.882016054,Regular,6,Delete,Deployment,false
8.901881633,Regular,8,Create,Deployment,false
8.922486534,Regular,9,Create,ConfigMap,false
8.941521319,Regular,10,Update,Deployment,false
8.961692203,Regular,6,Delete,ConfigMap,false
8.982191856,Regular,6,Delete,Deployment,false
8.022155875,Regular,10,Create,ConfigMap,false
8.042925626,Regular,10,Update,Deployment,false
8.061854562,Regular,7,Delete,ConfigMap,false
8.082593916,Regular,7,Delete,Deployment,false
8.102990345,Regular,15,Create,Deployment,false
8.122527816,Regular,11,Create,ConfigMap,false
8.142881704,Regular,10,Update,Deployment,false
8.16227286,Regular,8,Delete,ConfigMap,false
8.182636837,Regular,9,Delete,Deployment,false
8.202458955,Regular,13,Create,Deployment,false
8.221921064,Regular,10,Create,ConfigMap,false
8.24260807,Regular,9,Update,Deployment,false
8.261879069,Regular,8,Delete,ConfigMap,false
8.281689915,Regular,6,Delete,Deployment,false
8.302183627,Regular,11,Create,Deployment,false
8.322377294,Regular,9,Create,ConfigMap,false
8.342729359,Regular,13,Update,Deployment,false
8.362563138,Regular,6,Delete,ConfigMap,false
8.382108935,Regular,7,Delete,Deployment,false
8.402161136,Regular,8,Create,Deployment,false
8.422648064,Regular,9,Create,ConfigMap,false
8.442302446,Regular,9,Update,Deployment,false
8.462352252,Regular,6,Delete,ConfigMap,false
8.482465147,Regular,6,Delete,Deployment,false
8.501975006,Regular,8,Create,Deployment,false
8.522518992,Regular,9,Create,ConfigMap,false
8.542067553999999,Regular,12,Update,Deployment,false
8.562500582,Regular,8,Delete,ConfigMap,false
8.582367914,Regular,9,Delete,Deployment,false
8.602011906,Regular,8,Create,Deployment,false
8.622229668,Regular,8,Create,ConfigMap,false
8.642702881,Regular,10,Update,Deployment,false
8.66222299,Regular,6,Delete,ConfigMap,false
8.682450601,Regular,5,Delete,Deployment,false
8.701832329,Regular,44,Create,Deployment,false
8.746522265,Regular,14,Create,ConfigMap,false
8.761395633,Regular,7,Update,Deployment,false
8.769012366,Regular,5,Delete,ConfigMap,false
8.781997798999999,Regular,6,Delete,Deployment,false
8.802164665,Regular,9,Create,Deployment,false
8.822098332,Regular,8,Create,ConfigMap,false
8.841912685,Regular,10,Update,Deployment,false
8.862079301,Regular,4,Delete,ConfigMap,false
8.881953486,Regular,7,Delete,Deployment,false
8.901606164,Regular,9,Create,Deployment,false
8.922396134,Regular,9,Create,ConfigMap,false
8.941611779,Regular,10,Update,Deployment,false
8.961630366,Regular,6,Delete,ConfigMap,false
8.982345796,Regular,5,Delete,Deployment,false
8.003489374,Regular,17,Create,Deployment,false
8.02183486,Regular,10,Create,ConfigMap,false
8.043003072,Regular,10,Update,Deployment,false
8.061693899,Regular,7,Delete,ConfigMap,false
8.082345027,Regular,8,Delete,Deployment,false
8.10328527,Regular,18,Create,Deployment,false
8.121635866,Regular,11,Create,ConfigMap,false
8.142952728,Regular,11,Update,Deployment,false
8.162104002,Regular,8,Delete,ConfigMap,false
8.182713011,Regular,9,Delete,Deployment,false
8.202481257,Regular,13,Create,Deployment,false
8.221958665,Regular,10,Create,ConfigMap,false
8.242964771,Regular,12,Update,Deployment,false
8.262025856,Regular,8,Delete,ConfigMap,false
8.281752132,Regular,6,Delete,Deployment,false
8.302377733,Regular,12,Create,Deployment,false
8.322339342,Regular,9,Create,ConfigMap,false
8.34216689,Regular,12,Update,Deployment,false
8.362599627,Regular,6,Delete,ConfigMap,false
8.382099026,Regular,4,Delete,Deployment,false
8.402326657,Regular,7,Create,Deployment,false
8.42267775,Regular,9,Create,ConfigMap,false
8.442334316,Regular,7,Update,Deployment,false
8.462625086,Regular,6,Delete,ConfigMap,false
8.482508057,Regular,7,Delete,Deployment,false
8.501755362,Regular,9,Create,Deployment,false
8.522251749,Regular,6,Create,ConfigMap,false
8.542132336,Regular,13,Update,Deployment,false
8.562320573000001,Regular,8,Delete,ConfigMap,false
8.5828065,Regular,8,Delete,Deployment,false
8.601994463,Regular,8,Create,Deployment,false
8.622112798,Regular,8,Create,ConfigMap,false
8.642460334999999,Regular,11,Update,Deployment,false
8.662149121,Regular,6,Delete,ConfigMap,false
8.682468464,Regular,5,Delete,Deployment,false
8.701913482,Regular,38,Create,Deployment,false
8.740211741,Regular,22,Create,ConfigMap,false
8.763031854,Regular,9,Update,Deployment,false
8.772528968,Regular,6,Delete,ConfigMap,false
8.781768627,Regular,6,Delete,Deployment,false
8.801956854,Regular,9,Create,Deployment,false
8.821934875,Regular,8,Create,ConfigMap,false
8.841785516,Regular,10,Update,Deployment,false
8.862044796,Regular,6,Delete,ConfigMap,false
8.88177501,Regular,7,Delete,Deployment,false
8.90187493,Regular,9,Create,Deployment,false
8.922487035,Regular,9,Create,ConfigMap,false
8.941681911,Regular,9,Update,Deployment,false
8.961608686,Regular,7,Delete,ConfigMap,false
8.982378237,Regular,6,Delete,Deployment,false
8.021989872,Regular,8,Create,ConfigMap,false
8.042856787,Regular,10,Update,Deployment,false
8.061924573,Regular,7,Delete,ConfigMap,false
8.082890735,Regular,8,Delete,Deployment,false
8.103845856,Regular,14,Create,Deployment,false
8.12262043,Regular,11,Create,ConfigMap,false
8.142470109,Regular,10,Update,Deployment,false
8.16259671,Regular,8,Delete,ConfigMap,false
8.1826435,Regular,7,Delete,Deployment,false
8.201998387,Regular,12,Create,Deployment,false
8.221897269,Regular,11,Create,ConfigMap,false
8.242961345,Regular,13,Update,Deployment,false
8.262137606,Regular,7,Delete,ConfigMap,false
8.281770948,Regular,6,Delete,Deployment,false
8.302332337,Regular,11,Create,Deployment,false
8.322547815,Regular,8,Create,ConfigMap,false
8.342834327,Regular,13,Update,Deployment,false
8.36265952,Regular,6,Delete,ConfigMap,false
8.381679346,Regular,5,Delete,Deployment,false
8.402357435,Regular,7,Create,Deployment,false
8.422681838,Regular,9,Create,ConfigMap,false
8.442353733000001,Regular,9,Update,Deployment,false
8.462159108,Regular,6,Delete,ConfigMap,false
8.482563362,Regular,6,Delete,Deployment,false
8.502223874,Regular,7,Create,Deployment,false
8.522319547,Regular,5,Create,ConfigMap,false
8.542225151,Regular,12,Update,Deployment,false
8.562923368,Regular,7,Delete,ConfigMap,false
8.582623365,Regular,9,Delete,Deployment,false
8.601592236,Regular,9,Create,Deployment,false
8.622138356,Regular,8,Create,ConfigMap,false
8.642265127,Regular,11,Update,Deployment,false
8.662365208,Regular,6,Delete,ConfigMap,false
8.682491017,Regular,5,Delete,Deployment,false
8.701850483,Regular,39,Create,Deployment,false
8.740962645,Regular,22,Create,ConfigMap,false
8.763566371,Regular,8,Update,Deployment,false
8.772447434,Regular,4,Delete,ConfigMap,false
8.782141159,Regular,5,Delete,Deployment,false
8.802259394,Regular,9,Create,Deployment,false
8.821867037,Regular,8,Create,ConfigMap,false
8.841815703,Regular,8,Update,Deployment,false
8.862487098999999,Regular,6,Delete,ConfigMap,false
8.881952074,Regular,7,Delete,Deployment,false
8.902142134,Regular,8,Create,Deployment,false
8.922485372,Regular,9,Create,ConfigMap,false
8.941816715,Regular,9,Update,Deployment,false
8.961819643,Regular,7,Delete,ConfigMap,false
8.982453228,Regular,5,Delete,Deployment,false
8.021876218,Regular,10,Create,ConfigMap,false
8.042645258,Regular,10,Update,Deployment,false
8.062104121,Regular,7,Delete,ConfigMap,false
8.082821935,Regular,5,Delete,Deployment,false
8.102704015,Regular,18,Create,Deployment,false
8.122696724,Regular,11,Create,ConfigMap,false
8.142936267,Regular,9,Update,Deployment,false
8.162153004,Regular,8,Delete,ConfigMap,false
8.182454213,Regular,9,Delete,Deployment,false
8.202123984,Regular,12,Create,Deployment,false
8.221990675,Regular,10,Create,ConfigMap,false
8.243137326,Regular,13,Update,Deployment,false
8.26185274,Regular,7,Delete,ConfigMap,false
8.281890002,Regular,5,Delete,Deployment,false
8.302756796,Regular,10,Create,Deployment,false
8.322434702,Regular,9,Create,ConfigMap,false
8.342984209,Regular,11,Update,Deployment,false
8.362571825,Regular,6,Delete,ConfigMap,false
8.381785546,Regular,4,Delete,Deployment,false
8.402184069,Regular,7,Create,Deployment,false
8.422625572,Regular,9,Create,ConfigMap,false
8.442385272,Regular,9,Update,Deployment,false
8.462329228,Regular,6,Delete,ConfigMap,false
8.482407899,Regular,6,Delete,Deployment,false
8.501955248,Regular,9,Create,Deployment,false
8.522272979,Regular,9,Create,ConfigMap,false
8.542178934,Regular,13,Update,Deployment,false
8.562735033,Regular,7,Delete,ConfigMap,false
8.582555618,Regular,8,Delete,Deployment,false
8.60192903,Regular,8,Create,Deployment,false
8.622344685,Regular,8,Create,ConfigMap,false
8.642444214,Regular,11,Update,Deployment,false
8.662315314,Regular,6,Delete,ConfigMap,false
8.682397601,Regular,5,Delete,Deployment,false
8.701880139,Regular,47,Create,Deployment,false
8.749479984,Regular,13,Create,ConfigMap,false
8.763225018,Regular,7,Update,Deployment,false
8.771214743,Regular,3,Delete,ConfigMap,false
8.781915454,Regular,6,Delete,Deployment,false
8.802008531,Regular,9,Create,Deployment,false
8.82203344,Regular,8,Create,ConfigMap,false
8.841894681,Regular,10,Update,Deployment,false
8.862486407,Regular,6,Delete,ConfigMap,false
8.881817991,Regular,7,Delete,Deployment,false
8.901942868,Regular,10,Create,Deployment,false
8.922485492,Regular,9,Create,ConfigMap,false
8.941698502,Regular,11,Update,Deployment,false
8.961789536,Regular,6,Delete,ConfigMap,false
8.982396652,Regular,6,Delete,Deployment,false
8.003712273,Regular,15,Create,Deployment,false
8.021888581,Regular,10,Create,ConfigMap,false
8.042641922,Regular,10,Update,Deployment,false
8.061718415,Regular,7,Delete,ConfigMap,false
8.082614324,Regular,8,Delete,Deployment,false
8.103297583,Regular,18,Create,Deployment,false
8.122574133,Regular,11,Create,ConfigMap,false
8.142869491,Regular,10,Update,Deployment,false
8.162291515,Regular,8,Delete,ConfigMap,false
8.182577395,Regular,9,Delete,Deployment,false
8.201908107,Regular,10,Create,Deployment,false
8.222173109,Regular,10,Create,ConfigMap,false
8.242965352,Regular,13,Update,Deployment,false
8.261586468,Regular,8,Delete,ConfigMap,false
8.282139482,Regular,5,Delete,Deployment,false
8.302267916,Regular,11,Create,Deployment,false
8.322588752,Regular,7,Create,ConfigMap,false
8.342713269,Regular,13,Update,Deployment,false
8.36246302,Regular,7,Delete,ConfigMap,false
8.382216167,Regular,7,Delete,Deployment,false
8.402363707,Regular,7,Create,Deployment,false
8.422495728,Regular,9,Create,ConfigMap,false
8.442410179,Regular,9,Update,Deployment,false
8.462251803000001,Regular,6,Delete,ConfigMap,false
8.482488721,Regular,6,Delete,Deployment,false
8.501974425,Regular,8,Create,Deployment,false
8.522712507,Regular,9,Create,ConfigMap,false
8.542277259,Regular,12,Update,Deployment,false
8.562869346,Regular,6,Delete,ConfigMap,false
8.582473022,Regular,10,Delete,Deployment,false
8.602191785,Regular,8,Create,Deployment,false
8.621912811,Regular,8,Create,ConfigMap,false
8.642489179,Regular,10,Update,Deployment,false
8.662199967,Regular,6,Delete,ConfigMap,false
8.682327499,Regular,6,Delete,Deployment,false
8.701869388,Regular,45,Create,Deployment,false
8.747536405,Regular,16,Create,ConfigMap,false
8.764177672,Regular,8,Update,Deployment,false
8.773109872,Regular,5,Delete,ConfigMap,false
8.781934289,Regular,5,Delete,Deployment,false
8.802046002,Regular,6,Create,Deployment,false
8.821947909,Regular,8,Create,ConfigMap,false
8.841840149,Regular,9,Update,Deployment,false
8.862097906,Regular,6,Delete,ConfigMap,false
8.882081878,Regular,7,Delete,Deployment,false
8.902044971,Regular,9,Create,Deployment,false
8.922323427,Regular,10,Create,ConfigMap,false
8.941736284,Regular,9,Update,Deployment,false
8.961663078,Regular,6,Delete,ConfigMap,false
8.98240136,Regular,5,Delete,Deployment,false
8.002558551,Regular,17,Create,Deployment,false
8.022119376,Regular,6,Create,ConfigMap,false
8.042696345,Regular,9,Update,Deployment,false
8.061895398,Regular,7,Delete,ConfigMap,false
8.082819841,Regular,7,Delete,Deployment,false
8.103625471,Regular,17,Create,Deployment,false
8.121618704,Regular,12,Create,ConfigMap,false
8.142865604,Regular,10,Update,Deployment,false
8.162502693,Regular,8,Delete,ConfigMap,false
8.1826012,Regular,9,Delete,Deployment,false
8.202260241,Regular,10,Create,Deployment,false
8.221822739,Regular,9,Create,ConfigMap,false
8.243141003,Regular,13,Update,Deployment,false
8.26218749,Regular,8,Delete,ConfigMap,false
8.281789693,Regular,6,Delete,Deployment,false
8.30212149,Regular,11,Create,Deployment,false
8.322537566,Regular,9,Create,ConfigMap,false
8.342789763,Regular,11,Update,Deployment,false
8.362629924,Regular,6,Delete,ConfigMap,false
8.382027191,Regular,5,Delete,Deployment,false
8.401859337,Regular,8,Create,Deployment,false
8.422450543,Regular,9,Create,ConfigMap,false
8.442320851,Regular,9,Update,Deployment,false
8.462724994,Regular,6,Delete,ConfigMap,false
8.482590653,Regular,6,Delete,Deployment,false
8.502257728,Regular,8,Create,Deployment,false
8.522340386,Regular,9,Create,ConfigMap,false
8.542162103,Regular,11,Update,Deployment,false
8.562903701,Regular,7,Delete,ConfigMap,false
8.582805809,Regular,6,Delete,Deployment,false
8.601905065,Regular,8,Create,Deployment,false
8.622231311,Regular,5,Create,ConfigMap,false
8.64244203,Regular,7,Update,Deployment,false
8.662335091,Regular,6,Delete,ConfigMap,false
8.68226972,Regular,6,Delete,Deployment,false
8.701902511,Regular,9,Create,Deployment,false
8.722903408,Regular,22,Create,ConfigMap,false
8.745146494,Regular,13,Update,Deployment,false
8.761443433,Regular,4,Delete,ConfigMap,false
8.781827127,Regular,5,Delete,Deployment,false
8.802179343,Regular,9,Create,Deployment,false
8.821919556,Regular,8,Create,ConfigMap,false
8.841863132,Regular,10,Update,Deployment,false
8.862563543,Regular,5,Delete,ConfigMap,false
8.881952905,Regular,6,Delete,Deployment,false
8.902048357,Regular,9,Create,Deployment,false
8.922303309,Regular,9,Create,ConfigMap,false
8.941954725,Regular,8,Update,Deployment,false
8.961766673,Regular,7,Delete,ConfigMap,false
8.982396371,Regular,5,Delete,Deployment,false
9.001748203,Regular,10,Create,Deployment,false
8.003537574,Regular,16,Create,Deployment,false
8.022200308,Regular,7,Create,ConfigMap,false
8.042590455,Regular,8,Update,Deployment,false
8.06183237,Regular,7,Delete,ConfigMap,false
8.08253761,Regular,7,Delete,Deployment,false
8.102966169,Regular,14,Create,Deployment,false
8.121922366,Regular,12,Create,ConfigMap,false
8.142491479,Regular,10,Update,Deployment,false
8.162553098,Regular,7,Delete,ConfigMap,false
8.182233788,Regular,10,Delete,Deployment,false
8.202126078,Regular,13,Create,Deployment,false
8.222268759,Regular,10,Create,ConfigMap,false
8.243135984,Regular,12,Update,Deployment,false
8.262467477,Regular,6,Delete,ConfigMap,false
8.281914288,Regular,6,Delete,Deployment,false
8.302155023,Regular,11,Create,Deployment,false
8.322599582,Regular,7,Create,ConfigMap,false
8.342366275,Regular,12,Update,Deployment,false
8.362957621,Regular,6,Delete,ConfigMap,false
8.382012273,Regular,7,Delete,Deployment,false
8.401863485,Regular,6,Create,Deployment,false
8.422513261,Regular,9,Create,ConfigMap,false
8.442491101,Regular,8,Update,Deployment,false
8.462899042,Regular,5,Delete,ConfigMap,false
8.482597696,Regular,7,Delete,Deployment,false
8.501899223,Regular,7,Create,Deployment,false
8.522463778,Regular,9,Create,ConfigMap,false
8.542276348,Regular,12,Update,Deployment,false
8.562518155,Regular,7,Delete,ConfigMap,false
8.582451552,Regular,9,Delete,Deployment,false
8.602093229,Regular,8,Create,Deployment,false
8.622399518,Regular,7,Create,ConfigMap,false
8.642476555,Regular,11,Update,Deployment,false
8.662703775,Regular,6,Delete,ConfigMap,false
8.682708386,Regular,5,Delete,Deployment,false
8.702021956,Regular,43,Create,Deployment,false
8.745757735,Regular,15,Create,ConfigMap,false
8.761323677,Regular,7,Update,Deployment,false
8.769287534,Regular,4,Delete,ConfigMap,false
8.782212062,Regular,5,Delete,Deployment,false
8.802429344,Regular,9,Create,Deployment,false
8.822037588,Regular,8,Create,ConfigMap,false
8.841913176,Regular,10,Update,Deployment,false
8.862064273,Regular,6,Delete,ConfigMap,false
8.88183866,Regular,7,Delete,Deployment,false
8.901808636,Regular,9,Create,Deployment,false
8.922609265,Regular,9,Create,ConfigMap,false
8.941736123,Regular,9,Update,Deployment,false
8.961884295,Regular,7,Delete,ConfigMap,false
8.982345946,Regular,6,Delete,Deployment,false
9.001954621,Regular,10,Create,Deployment,false
8.002663438,Regular,18,Create,Deployment,false
8.022123734,Regular,10,Create,ConfigMap,false
8.042437648,Regular,10,Update,Deployment,false
8.06172638,Regular,7,Delete,ConfigMap,false
8.082565493,Regular,8,Delete,Deployment,false
8.10338094,Regular,15,Create,Deployment,false
8.122330564,Regular,11,Create,ConfigMap,false
8.142631683,Regular,13,Update,Deployment,false
8.162507722,Regular,7,Delete,ConfigMap,false
8.182758176,Regular,9,Delete,Deployment,false
8.20212163,Regular,12,Create,Deployment,false
8.221906877,Regular,9,Create,ConfigMap,false
8.243385183000001,Regular,9,Update,Deployment,false
8.262316703,Regular,7,Delete,ConfigMap,false
8.281867239,Regular,5,Delete,Deployment,false
8.302289617,Regular,10,Create,Deployment,false
8.322482572,Regular,6,Create,ConfigMap,false
8.342593042,Regular,11,Update,Deployment,false
8.362782531,Regular,6,Delete,ConfigMap,false
8.382043041,Regular,5,Delete,Deployment,false
8.402063171,Regular,8,Create,Deployment,false
8.422621945,Regular,9,Create,ConfigMap,false
8.44246406,Regular,9,Update,Deployment,false
8.462397807,Regular,5,Delete,ConfigMap,false
8.48266339,Regular,6,Delete,Deployment,false
8.501781391,Regular,9,Create,Deployment,false
8.5223001,Regular,9,Create,ConfigMap,false
8.542241813,Regular,11,Update,Deployment,false
8.562618734,Regular,8,Delete,ConfigMap,false
8.58233885,Regular,10,Delete,Deployment,false
8.601770331,Regular,9,Create,Deployment,false
8.622210923,Regular,8,Create,ConfigMap,false
8.642303489,Regular,11,Update,Deployment,false
8.662383112,Regular,5,Delete,ConfigMap,false
8.682489023,Regular,6,Delete,Deployment,false
8.702042775,Regular,40,Create,Deployment,false
8.742769979,Regular,18,Create,ConfigMap,false
8.761323657,Regular,11,Update,Deployment,false
8.772675133,Regular,5,Delete,ConfigMap,false
8.78195041,Regular,5,Delete,Deployment,false
8.802428402,Regular,8,Create,Deployment,false
8.822112379,Regular,5,Create,ConfigMap,false
8.841866117,Regular,10,Update,Deployment,false
8.862217521,Regular,5,Delete,ConfigMap,false
8.881834793,Regular,7,Delete,Deployment,false
8.902050411,Regular,9,Create,Deployment,false
8.922807639,Regular,9,Create,ConfigMap,false
8.941591992,Regular,9,Update,Deployment,false
8.961820775,Regular,6,Delete,ConfigMap,false
8.982251919,Regular,5,Delete,Deployment,false
9.002020876,Regular,11,Create,Deployment,false
9.00196967,Regular,8,Create,Deployment,false
9.021707398,Regular,7,Create,ConfigMap,false
9.042321576,Regular,11,Update,Deployment,false
9.06201405,Regular,6,Delete,ConfigMap,false
9.082334886,Regular,7,Delete,Deployment,false
9.102721616,Regular,11,Create,Deployment,false
9.122108234,Regular,9,Create,ConfigMap,false
9.142634286,Regular,10,Update,Deployment,false
9.16216793,Regular,6,Delete,ConfigMap,false
9.181976973,Regular,8,Delete,Deployment,false
9.202315513,Regular,11,Create,Deployment,false
9.22287574,Regular,9,Create,ConfigMap,false
9.242412209,Regular,11,Update,Deployment,false
9.261783487,Regular,6,Delete,ConfigMap,false
9.281846027,Regular,6,Delete,Deployment,false
9.302400022,Regular,8,Create,Deployment,false
9.321780899,Regular,9,Create,ConfigMap,false
9.341565375,Regular,11,Update,Deployment,false
9.36268207,Regular,6,Delete,ConfigMap,false
9.382570342,Regular,4,Delete,Deployment,false
9.402611241,Regular,7,Create,Deployment,false
9.421634975,Regular,8,Create,ConfigMap,false
9.442253492,Regular,8,Update,Deployment,false
9.461673952,Regular,6,Delete,ConfigMap,false
9.481723929,Regular,6,Delete,Deployment,false
9.502258077,Regular,8,Create,Deployment,false
9.522299367,Regular,8,Create,ConfigMap,false
9.541835174,Regular,13,Update,Deployment,false
9.562255418,Regular,6,Delete,ConfigMap,false
9.581781467999999,Regular,3,Delete,Deployment,false
9.601718862,Regular,8,Create,Deployment,false
9.62248638,Regular,7,Create,ConfigMap,false
9.641808475,Regular,8,Update,Deployment,false
9.662326473,Regular,5,Delete,ConfigMap,false
9.682457281,Regular,7,Delete,Deployment,false
9.701786961,Regular,7,Create,Deployment,false
9.721896119,Regular,7,Create,ConfigMap,false
9.741600965,Regular,7,Update,Deployment,false
9.762110357,Regular,6,Delete,ConfigMap,false
9.781669458,Regular,6,Delete,Deployment,false
9.802587419,Regular,10,Create,Deployment,false
9.822181397,Regular,11,Create,ConfigMap,false
9.841908104,Regular,9,Update,Deployment,false
9.862418958,Regular,14,Delete,ConfigMap,false
9.881551978,Regular,5,Delete,Deployment,false
9.902198567,Regular,8,Create,Deployment,false
9.922547497,Regular,8,Create,ConfigMap,false
9.942033621,Regular,8,Update,Deployment,false
9.962182203,Regular,5,Delete,ConfigMap,false
9.982596556,Regular,6,Delete,Deployment,false
9.002603002,Regular,11,Create,Deployment,false
9.021752212,Regular,6,Create,ConfigMap,false
9.042294235,Regular,11,Update,Deployment,false
9.06209401,Regular,6,Delete,ConfigMap,false
9.082271677,Regular,7,Delete,Deployment,false
9.102312426,Regular,12,Create,Deployment,false
9.122177865,Regular,9,Create,ConfigMap,false
9.142583891,Regular,11,Update,Deployment,false
9.163113471,Regular,6,Delete,ConfigMap,false
9.182328064,Regular,7,Delete,Deployment,false
9.202403017,Regular,10,Create,Deployment,false
9.222644985,Regular,10,Create,ConfigMap,false
9.242748051,Regular,11,Update,Deployment,false
9.261745295,Regular,6,Delete,ConfigMap,false
9.282316002,Regular,5,Delete,Deployment,false
9.302622932,Regular,8,Create,Deployment,false
9.321635153999999,Regular,9,Create,ConfigMap,false
9.341536830999999,Regular,10,Update,Deployment,false
9.362566292,Regular,7,Delete,ConfigMap,false
9.382583266,Regular,5,Delete,Deployment,false
9.402539556,Regular,5,Create,Deployment,false
9.421702482,Regular,8,Create,ConfigMap,false
9.442312863,Regular,9,Update,Deployment,false
9.461643946,Regular,6,Delete,ConfigMap,false
9.481704711999999,Regular,5,Delete,Deployment,false
9.502185880999999,Regular,8,Create,Deployment,false
9.52212079,Regular,8,Create,ConfigMap,false
9.541790009,Regular,14,Update,Deployment,false
9.561928693,Regular,5,Delete,ConfigMap,false
9.581717477,Regular,5,Delete,Deployment,false
9.601676372,Regular,8,Create,Deployment,false
9.622485819,Regular,7,Create,ConfigMap,false
9.641788848000001,Regular,10,Update,Deployment,false
9.662154148,Regular,5,Delete,ConfigMap,false
9.682421964,Regular,5,Delete,Deployment,false
9.701918679,Regular,7,Create,Deployment,false
9.721765433,Regular,7,Create,ConfigMap,false
9.741686296,Regular,8,Update,Deployment,false
9.762152686,Regular,6,Delete,ConfigMap,false
9.781671302,Regular,6,Delete,Deployment,false
9.802588802,Regular,9,Create,Deployment,false
9.822497422,Regular,10,Create,ConfigMap,false
9.841907503,Regular,10,Update,Deployment,false
9.862711459,Regular,12,Delete,ConfigMap,false
9.882050787,Regular,5,Delete,Deployment,false
9.902369139,Regular,8,Create,Deployment,false
9.922477796,Regular,8,Create,ConfigMap,false
9.94217619,Regular,8,Update,Deployment,false
9.962075883,Regular,6,Delete,ConfigMap,false
9.982684702,Regular,6,Delete,Deployment,false
9.002212437,Regular,11,Create,Deployment,false
9.021664046,Regular,7,Create,ConfigMap,false
9.042363996,Regular,11,Update,Deployment,false
9.062013118,Regular,6,Delete,ConfigMap,false
9.082104081,Regular,7,Delete,Deployment,false
9.102376937,Regular,12,Create,Deployment,false
9.122174068,Regular,13,Create,ConfigMap,false
9.142142911,Regular,12,Update,Deployment,false
9.162735038,Regular,6,Delete,ConfigMap,false
9.18189074,Regular,7,Delete,Deployment,false
9.202518164,Regular,9,Create,Deployment,false
9.22258894,Regular,10,Create,ConfigMap,false
9.242352326,Regular,11,Update,Deployment,false
9.261873547,Regular,6,Delete,ConfigMap,false
9.281845145,Regular,6,Delete,Deployment,false
9.302551388,Regular,8,Create,Deployment,false
9.321846282,Regular,9,Create,ConfigMap,false
9.341501254,Regular,10,Update,Deployment,false
9.362524253,Regular,6,Delete,ConfigMap,false
9.382420269,Regular,5,Delete,Deployment,false
9.402485334,Regular,7,Create,Deployment,false
9.421808562,Regular,8,Create,ConfigMap,false
9.442207786,Regular,8,Update,Deployment,false
9.461825367,Regular,6,Delete,ConfigMap,false
9.482162094,Regular,6,Delete,Deployment,false
9.501989721,Regular,8,Create,Deployment,false
9.522230457,Regular,9,Create,ConfigMap,false
9.541739244,Regular,13,Update,Deployment,false
9.562742786,Regular,5,Delete,ConfigMap,false
9.581677772,Regular,5,Delete,Deployment,false
9.601719754,Regular,8,Create,Deployment,false
9.622311671,Regular,6,Create,ConfigMap,false
9.641828633,Regular,10,Update,Deployment,false
9.66237831,Regular,4,Delete,ConfigMap,false
9.682362743,Regular,7,Delete,Deployment,false
9.701917747,Regular,7,Create,Deployment,false
9.721841476,Regular,7,Create,ConfigMap,false
9.741536283,Regular,7,Update,Deployment,false
9.761949403,Regular,8,Delete,ConfigMap,false
9.781523433,Regular,6,Delete,Deployment,false
9.802589163,Regular,9,Create,Deployment,false
9.82237417,Regular,8,Create,ConfigMap,false
9.841747883,Regular,10,Update,Deployment,false
9.862092473,Regular,15,Delete,ConfigMap,false
9.881654471000001,Regular,6,Delete,Deployment,false
9.902338902,Regular,7,Create,Deployment,false
9.922319638,Regular,8,Create,ConfigMap,false
9.942050062,Regular,8,Update,Deployment,false
9.962187944,Regular,4,Delete,ConfigMap,false
9.982310497,Regular,7,Delete,Deployment,false
9.002407554,Regular,9,Create,Deployment,false
9.021588965,Regular,8,Create,ConfigMap,false
9.04227578,Regular,11,Update,Deployment,false
9.062288847,Regular,6,Delete,ConfigMap,false
9.082193239,Regular,7,Delete,Deployment,false
9.102156783,Regular,12,Create,Deployment,false
9.122394763,Regular,13,Create,ConfigMap,false
9.142491447,Regular,11,Update,Deployment,false
9.162774943,Regular,5,Delete,ConfigMap,false
9.182438031,Regular,8,Delete,Deployment,false
9.201965303,Regular,12,Create,Deployment,false
9.223131922,Regular,9,Create,ConfigMap,false
9.242520302,Regular,11,Update,Deployment,false
9.261936656,Regular,6,Delete,ConfigMap,false
9.281720681,Regular,6,Delete,Deployment,false
9.302337535,Regular,8,Create,Deployment,false
9.32185056,Regular,8,Create,ConfigMap,false
9.341569523,Regular,9,Update,Deployment,false
9.362920739,Regular,4,Delete,ConfigMap,false
9.382500911,Regular,6,Delete,Deployment,false
9.402571807,Regular,7,Create,Deployment,false
9.421573519,Regular,8,Create,ConfigMap,false
9.442377986,Regular,8,Update,Deployment,false
9.461680024,Regular,4,Delete,ConfigMap,false
9.481842522,Regular,5,Delete,Deployment,false
9.502184248,Regular,10,Create,Deployment,false
9.522062591,Regular,9,Create,ConfigMap,false
9.541596615,Regular,11,Update,Deployment,false
9.562448462,Regular,5,Delete,ConfigMap,false
9.581859855,Regular,5,Delete,Deployment,false
9.601527361,Regular,8,Create,Deployment,false
9.622564016,Regular,7,Create,ConfigMap,false
9.641910918,Regular,7,Update,Deployment,false
9.662323257,Regular,5,Delete,ConfigMap,false
9.682586013,Regular,5,Delete,Deployment,false
9.701846433,Regular,7,Create,Deployment,false
9.721792173,Regular,7,Create,ConfigMap,false
9.741649857,Regular,8,Update,Deployment,false
9.762435038,Regular,7,Delete,ConfigMap,false
9.781927124,Regular,6,Delete,Deployment,false
9.802393153,Regular,10,Create,Deployment,false
9.821987231,Regular,9,Create,ConfigMap,false
9.841813847,Regular,10,Update,Deployment,false
9.861897045,Regular,13,Delete,ConfigMap,false
9.881980325,Regular,5,Delete,Deployment,false
9.902154044,Regular,7,Create,Deployment,false
9.922349304,Regular,8,Create,ConfigMap,false
9.941968328,Regular,8,Update,Deployment,false
9.962141006,Regular,5,Delete,ConfigMap,false
9.982381561,Regular,7,Delete,Deployment,false
9.002460874,Regular,9,Create,Deployment,false
9.021726915,Regular,8,Create,ConfigMap,false
9.04220649,Regular,11,Update,Deployment,false
9.06207249,Regular,6,Delete,ConfigMap,false
9.082134228,Regular,7,Delete,Deployment,false
9.102674027,Regular,12,Create,Deployment,false
9.12222851,Regular,7,Create,ConfigMap,false
9.142307701,Regular,12,Update,Deployment,false
9.161907089,Regular,6,Delete,ConfigMap,false
9.182069487,Regular,8,Delete,Deployment,false
9.202315723,Regular,11,Create,Deployment,false
9.223017958,Regular,10,Create,ConfigMap,false
9.242516555,Regular,11,Update,Deployment,false
9.262178381,Regular,4,Delete,ConfigMap,false
9.28188489,Regular,5,Delete,Deployment,false
9.302589459,Regular,8,Create,Deployment,false
9.321725124,Regular,6,Create,ConfigMap,false
9.341606332,Regular,11,Update,Deployment,false
9.362620003,Regular,6,Delete,ConfigMap,false
9.382571233,Regular,5,Delete,Deployment,false
9.402540318,Regular,8,Create,Deployment,false
9.421681031,Regular,8,Create,ConfigMap,false
9.442391051,Regular,8,Update,Deployment,false
9.461726581,Regular,6,Delete,ConfigMap,false
9.481747783,Regular,5,Delete,Deployment,false
9.50207958,Regular,10,Create,Deployment,false
9.52209918,Regular,9,Create,ConfigMap,false
9.54163656,Regular,14,Update,Deployment,false
9.562441759,Regular,5,Delete,ConfigMap,false
9.581631405,Regular,5,Delete,Deployment,false
9.601694866999999,Regular,8,Create,Deployment,false
9.622363809,Regular,8,Create,ConfigMap,false
9.6419702,Regular,10,Update,Deployment,false
9.662378982,Regular,5,Delete,ConfigMap,false
9.682343948,Regular,4,Delete,Deployment,false
9.701990144,Regular,7,Create,Deployment,false
9.721908101,Regular,7,Create,ConfigMap,false
9.741706554,Regular,6,Update,Deployment,false
9.762152927,Regular,6,Delete,ConfigMap,false
9.78169174,Regular,6,Delete,Deployment,false
9.802968827,Regular,9,Create,Deployment,false
9.822065348,Regular,11,Create,ConfigMap,false
9.841988746,Regular,10,Update,Deployment,false
9.862868555,Regular,14,Delete,ConfigMap,false
9.88170192,Regular,6,Delete,Deployment,false
9.902646842,Regular,7,Create,Deployment,false
9.922388337,Regular,8,Create,ConfigMap,false
9.941989558,Regular,9,Update,Deployment,false
9.962118293,Regular,5,Delete,ConfigMap,false
9.982318993,Regular,3,Delete,Deployment,false
10.001964177,Regular,5,Create,Deployment,false
9.002375283,Regular,9,Create,Deployment,false
9.021552987,Regular,8,Create,ConfigMap,false
9.042161235,Regular,11,Update,Deployment,false
9.061861142,Regular,6,Delete,ConfigMap,false
9.082142063,Regular,7,Delete,Deployment,false
9.102657636,Regular,11,Create,Deployment,false
9.12239321,Regular,9,Create,ConfigMap,false
9.142329612,Regular,11,Update,Deployment,false
9.16260831,Regular,6,Delete,ConfigMap,false
9.182509245,Regular,8,Delete,Deployment,false
9.202065983,Regular,12,Create,Deployment,false
9.222388763,Regular,10,Create,ConfigMap,false
9.24255639,Regular,11,Update,Deployment,false
9.261725117,Regular,6,Delete,ConfigMap,false
9.282317745,Regular,4,Delete,Deployment,false
9.302804264,Regular,7,Create,Deployment,false
9.321779867,Regular,9,Create,ConfigMap,false
9.341617964,Regular,13,Update,Deployment,false
9.362849185,Regular,6,Delete,ConfigMap,false
9.382585881,Regular,5,Delete,Deployment,false
9.402529397,Regular,7,Create,Deployment,false
9.421747837,Regular,8,Create,ConfigMap,false
9.442363308000001,Regular,8,Update,Deployment,false
9.461818765,Regular,6,Delete,ConfigMap,false
9.481802016,Regular,7,Delete,Deployment,false
9.502256113,Regular,8,Create,Deployment,false
9.522183569,Regular,8,Create,ConfigMap,false
9.541665455,Regular,14,Update,Deployment,false
9.56234661,Regular,5,Delete,ConfigMap,false
9.582022392,Regular,5,Delete,Deployment,false
9.601718792,Regular,7,Create,Deployment,false
9.622561902,Regular,7,Create,ConfigMap,false
9.641910377,Regular,9,Update,Deployment,false
9.662234159,Regular,5,Delete,ConfigMap,false
9.682646467,Regular,5,Delete,Deployment,false
9.701815705,Regular,7,Create,Deployment,false
9.721989274,Regular,7,Create,ConfigMap,false
9.741664124,Regular,7,Update,Deployment,false
9.76237232,Regular,7,Delete,ConfigMap,false
9.781737997,Regular,6,Delete,Deployment,false
9.802814146,Regular,9,Create,Deployment,false
9.822388115999999,Regular,11,Create,ConfigMap,false
9.84217668,Regular,9,Update,Deployment,false
9.863127903,Regular,12,Delete,ConfigMap,false
9.881498037,Regular,6,Delete,Deployment,false
9.902506628,Regular,8,Create,Deployment,false
9.9224907,Regular,8,Create,ConfigMap,false
9.942178154,Regular,8,Update,Deployment,false
9.96205286,Regular,5,Delete,ConfigMap,false
9.982486268,Regular,4,Delete,Deployment,false
10.002164755,Regular,7,Create,Deployment,false
9.00237353,Regular,9,Create,Deployment,false
9.021506931,Regular,7,Create,ConfigMap,false
9.042312519,Regular,11,Update,Deployment,false
9.062379167,Regular,6,Delete,ConfigMap,false
9.082160959,Regular,7,Delete,Deployment,false
9.102939767,Regular,11,Create,Deployment,false
9.122078558,Regular,13,Create,ConfigMap,false
9.142346534,Regular,11,Update,Deployment,false
9.162796394,Regular,6,Delete,ConfigMap,false
9.182217987,Regular,7,Delete,Deployment,false
9.202179446,Regular,11,Create,Deployment,false
9.222406156,Regular,10,Create,ConfigMap,false
9.242632484,Regular,11,Update,Deployment,false
9.261936185,Regular,6,Delete,ConfigMap,false
9.282092621,Regular,6,Delete,Deployment,false
9.302688205,Regular,7,Create,Deployment,false
9.321788874,Regular,6,Create,ConfigMap,false
9.3415204,Regular,11,Update,Deployment,false
9.362664847,Regular,7,Delete,ConfigMap,false
9.382624243,Regular,5,Delete,Deployment,false
9.402356231,Regular,7,Create,Deployment,false
9.42174418,Regular,8,Create,ConfigMap,false
9.442221041,Regular,8,Update,Deployment,false
9.461846257,Regular,6,Delete,ConfigMap,false
9.481926961,Regular,5,Delete,Deployment,false
9.502017584,Regular,10,Create,Deployment,false
9.522127774,Regular,8,Create,ConfigMap,false
9.541996067,Regular,11,Update,Deployment,false
9.562255819,Regular,3,Delete,ConfigMap,false
9.581673645,Regular,5,Delete,Deployment,false
9.601540987,Regular,8,Create,Deployment,false
9.622286904,Regular,8,Create,ConfigMap,false
9.641738403,Regular,8,Update,Deployment,false
9.662336181,Regular,5,Delete,ConfigMap,false
9.682501564,Regular,5,Delete,Deployment,false
9.701971859,Regular,7,Create,Deployment,false
9.721922639,Regular,5,Create,ConfigMap,false
9.741732683,Regular,6,Update,Deployment,false
9.762164028,Regular,8,Delete,ConfigMap,false
9.781507293,Regular,5,Delete,Deployment,false
9.802682919,Regular,9,Create,Deployment,false
9.822622447,Regular,9,Create,ConfigMap,false
9.841955313,Regular,10,Update,Deployment,false
9.861994168,Regular,13,Delete,ConfigMap,false
9.882063421,Regular,5,Delete,Deployment,false
9.902425264,Regular,8,Create,Deployment,false
9.922368059,Regular,8,Create,ConfigMap,false
9.942129943,Regular,8,Update,Deployment,false
9.96230808,Regular,5,Delete,ConfigMap,false
9.982485607,Regular,6,Delete,Deployment,false
10.002073082,Regular,7,Create,Deployment,false
9.021526628,Regular,6,Create,ConfigMap,false
9.042242177,Regular,11,Update,Deployment,false
9.061867454,Regular,6,Delete,ConfigMap,false
9.082335387,Regular,7,Delete,Deployment,false
9.102836392,Regular,9,Create,Deployment,false
9.122045305,Regular,13,Create,ConfigMap,false
9.142566278,Regular,11,Update,Deployment,false
9.162410627,Regular,6,Delete,ConfigMap,false
9.182091058,Regular,8,Delete,Deployment,false
9.20261173,Regular,11,Create,Deployment,false
9.222839131,Regular,10,Create,ConfigMap,false
9.242560919,Regular,11,Update,Deployment,false
9.262201885,Regular,6,Delete,ConfigMap,false
9.281698609,Regular,6,Delete,Deployment,false
9.302550786,Regular,8,Create,Deployment,false
9.321840421,Regular,9,Create,ConfigMap,false
9.341569503,Regular,13,Update,Deployment,false
9.362646553,Regular,6,Delete,ConfigMap,false
9.382692241,Regular,5,Delete,Deployment,false
9.402434088,Regular,7,Create,Deployment,false
9.421809073,Regular,7,Create,ConfigMap,false
9.442269091,Regular,8,Update,Deployment,false
9.461859812,Regular,6,Delete,ConfigMap,false
9.481776998,Regular,5,Delete,Deployment,false
9.502268927,Regular,7,Create,Deployment,false
9.52227482,Regular,8,Create,ConfigMap,false
9.541820106,Regular,11,Update,Deployment,false
9.562674888,Regular,5,Delete,ConfigMap,false
9.582019366,Regular,4,Delete,Deployment,false
9.60159032,Regular,8,Create,Deployment,false
9.622486931,Regular,5,Create,ConfigMap,false
9.641824696,Regular,10,Update,Deployment,false
9.662326603,Regular,5,Delete,ConfigMap,false
9.682785299,Regular,6,Delete,Deployment,false
9.701928788,Regular,6,Create,Deployment,false
9.721922228,Regular,7,Create,ConfigMap,false
9.741585666,Regular,8,Update,Deployment,false
9.762060132,Regular,7,Delete,ConfigMap,false
9.781656254,Regular,6,Delete,Deployment,false
9.802681256,Regular,9,Create,Deployment,false
9.822210351,Regular,11,Create,ConfigMap,false
9.841998945,Regular,10,Update,Deployment,false
9.862581575,Regular,14,Delete,ConfigMap,false
9.881503507,Regular,6,Delete,Deployment,false
9.902265213,Regular,7,Create,Deployment,false
9.922529663,Regular,8,Create,ConfigMap,false
9.941969982,Regular,8,Update,Deployment,false
9.962223271,Regular,5,Delete,ConfigMap,false
9.982766426,Regular,6,Delete,Deployment,false
10.002019631,Regular,7,Create,Deployment,false
9.021544261,Regular,8,Create,ConfigMap,false
9.042320855,Regular,11,Update,Deployment,false
9.061922387,Regular,6,Delete,ConfigMap,false
9.082678473,Regular,7,Delete,Deployment,false
9.102834519,Regular,11,Create,Deployment,false
9.122029826,Regular,9,Create,ConfigMap,false
9.142700972,Regular,11,Update,Deployment,false
9.162215891,Regular,6,Delete,ConfigMap,false
9.182077923,Regular,8,Delete,Deployment,false
9.202114344,Regular,12,Create,Deployment,false
9.222421765,Regular,10,Create,ConfigMap,false
9.242520132,Regular,12,Update,Deployment,false
9.261761045,Regular,6,Delete,ConfigMap,false
9.281738745,Regular,6,Delete,Deployment,false
9.30236134,Regular,8,Create,Deployment,false
9.321651876,Regular,9,Create,ConfigMap,false
9.341671184,Regular,10,Update,Deployment,false
9.362946077,Regular,6,Delete,ConfigMap,false
9.382637628,Regular,6,Delete,Deployment,false
9.402411896,Regular,8,Create,Deployment,false
9.421837185,Regular,8,Create,ConfigMap,false
9.442339564,Regular,8,Update,Deployment,false
9.461750557,Regular,6,Delete,ConfigMap,false
9.481826622,Regular,7,Delete,Deployment,false
9.502049935,Regular,8,Create,Deployment,false
9.522265082,Regular,8,Create,ConfigMap,false
9.541790681,Regular,10,Update,Deployment,false
9.562402114,Regular,6,Delete,ConfigMap,false
9.581690095999999,Regular,4,Delete,Deployment,false
9.601778424,Regular,8,Create,Deployment,false
9.622282095,Regular,8,Create,ConfigMap,false
9.641703547,Regular,9,Update,Deployment,false
9.662334788,Regular,5,Delete,ConfigMap,false
9.682332556,Regular,7,Delete,Deployment,false
9.70180225,Regular,7,Create,Deployment,false
9.721752909,Regular,7,Create,ConfigMap,false
9.741564336,Regular,8,Update,Deployment,false
9.762023523,Regular,8,Delete,ConfigMap,false
9.781502684,Regular,6,Delete,Deployment,false
9.802589002,Regular,8,Create,Deployment,false
9.822372887,Regular,8,Create,ConfigMap,false
9.841906652,Regular,9,Update,Deployment,false
9.862614006,Regular,10,Delete,ConfigMap,false
9.881817298,Regular,6,Delete,Deployment,false
9.902228404,Regular,8,Create,Deployment,false
9.922619102,Regular,8,Create,ConfigMap,false
9.941999708,Regular,8,Update,Deployment,false
9.962098746,Regular,6,Delete,ConfigMap,false
9.982749684,Regular,7,Delete,Deployment,false
10.001927318,Regular,7,Create,Deployment,false
